0 0.0 6.5 517 0 8.7602872621080617E18
1 0.0 6.5 508 0 7.2239584314275727E18
2 0.0 6.5 502 0 5.0785809329912023E18
3 0.0 6.5 454 0 8.4437367065991148E18
4 0.0 6.5 469 0 9.416753368789289E17
5 0.0 6.5 493 0 6.8717326610107884E18
6 0.0 6.5 481 0 5.14558307949696E18
7 0.0 6.5 472 0 3.4007465380828006E18
8 0.0 6.5 514 0 8.6133827514630738E18
9 0.0 6.5 484 0 1.35074102350782259E18
10 0.0 6.5 460 0 3.2099056786051441E18
11 0.0 6.5 481 0 3.4359966115987323E18
0 0.0 7.0 529 0 8.7602872621080617E18
1 0.0 7.0 517 0 7.2239584314275727E18
2 0.0 7.0 511 0 5.0785809329912023E18
3 0.0 7.0 460 0 8.4437367065991148E18
4 0.0 7.0 502 0 9.416753368789289E17
5 0.0 7.0 505 0 6.8717326610107884E18
6 0.0 7.0 499 0 5.14558307949696E18
7 0.0 7.0 499 0 3.4007465380828006E18
8 0.0 7.0 520 0 8.6133827514630738E18
9 0.0 7.0 514 0 1.35074102350782259E18
10 0.0 7.0 490 0 3.2099056786051441E18
11 0.0 7.0 478 0 3.4359966115987323E18
0 0.0 7.5 529 0 8.7602872621080617E18
1 0.0 7.5 508 0 7.2239584314275727E18
2 0.0 7.5 508 0 5.0785809329912023E18
3 0.0 7.5 493 0 8.4437367065991148E18
4 0.0 7.5 523 0 9.416753368789289E17
5 0.0 7.5 499 0 6.8717326610107884E18
6 0.0 7.5 487 0 5.14558307949696E18
7 0.0 7.5 493 0 3.4007465380828006E18
8 0.0 7.5 529 0 8.6133827514630738E18
9 0.0 7.5 493 0 1.35074102350782259E18
10 0.0 7.5 466 0 3.2099056786051441E18
11 0.0 7.5 487 0 3.4359966115987323E18
0 0.0 8.0 541 0 8.7602872621080617E18
1 0.0 8.0 517 0 7.2239584314275727E18
2 0.0 8.0 502 0 5.0785809329912023E18
3 0.0 8.0 466 0 8.4437367065991148E18
4 0.0 8.0 499 0 9.416753368789289E17
5 0.0 8.0 502 0 6.8717326610107884E18
6 0.0 8.0 502 0 5.14558307949696E18
7 0.0 8.0 490 0 3.4007465380828006E18
8 0.0 8.0 532 0 8.6133827514630738E18
9 0.0 8.0 499 0 1.35074102350782259E18
10 0.0 8.0 478 0 3.2099056786051441E18
11 0.0 8.0 484 0 3.4359966115987323E18
0 0.0 8.5 550 0 8.7602872621080617E18
1 0.0 8.5 499 0 7.2239584314275727E18
2 0.0 8.5 520 0 5.0785809329912023E18
3 0.0 8.5 475 0 8.4437367065991148E18
4 0.0 8.5 499 0 9.416753368789289E17
5 0.0 8.5 526 0 6.8717326610107884E18
6 0.0 8.5 514 0 5.14558307949696E18
7 0.0 8.5 493 0 3.4007465380828006E18
8 0.0 8.5 526 0 8.6133827514630738E18
9 0.0 8.5 508 0 1.35074102350782259E18
10 0.0 8.5 466 0 3.2099056786051441E18
11 0.0 8.5 487 0 3.4359966115987323E18
0 0.0 9.0 547 0 8.7602872621080617E18
1 0.0 9.0 517 0 7.2239584314275727E18
2 0.0 9.0 511 0 5.0785809329912023E18
3 0.0 9.0 511 0 8.4437367065991148E18
4 0.0 9.0 499 0 9.416753368789289E17
5 0.0 9.0 529 0 6.8717326610107884E18
6 0.0 9.0 499 0 5.14558307949696E18
7 0.0 9.0 499 0 3.4007465380828006E18
8 0.0 9.0 550 0 8.6133827514630738E18
9 0.0 9.0 505 0 1.35074102350782259E18
10 0.0 9.0 499 0 3.2099056786051441E18
11 0.0 9.0 481 0 3.4359966115987323E18
0 0.0 9.5 538 0 8.7602872621080617E18
1 0.0 9.5 505 0 7.2239584314275727E18
2 0.0 9.5 526 0 5.0785809329912023E18
3 0.0 9.5 496 0 8.4437367065991148E18
4 0.0 9.5 493 0 9.416753368789289E17
5 0.0 9.5 508 0 6.8717326610107884E18
6 0.0 9.5 499 0 5.14558307949696E18
7 0.0 9.5 517 0 3.4007465380828006E18
8 0.0 9.5 523 0 8.6133827514630738E18
9 0.0 9.5 505 0 1.35074102350782259E18
10 0.0 9.5 478 0 3.2099056786051441E18
11 0.0 9.5 481 0 3.4359966115987323E18
0 0.0 10.0 559 0 8.7602872621080617E18
1 0.0 10.0 514 0 7.2239584314275727E18
2 0.0 10.0 517 0 5.0785809329912023E18
3 0.0 10.0 496 0 8.4437367065991148E18
4 0.0 10.0 502 0 9.416753368789289E17
5 0.0 10.0 514 0 6.8717326610107884E18
6 0.0 10.0 484 0 5.14558307949696E18
7 0.0 10.0 520 0 3.4007465380828006E18
8 0.0 10.0 526 0 8.6133827514630738E18
9 0.0 10.0 493 0 1.35074102350782259E18
10 0.0 10.0 502 0 3.2099056786051441E18
11 0.0 10.0 493 0 3.4359966115987323E18
0 0.5 6.5 535 0 8.7602872621080617E18
1 0.5 6.5 502 0 7.2239584314275727E18
2 0.5 6.5 535 0 5.0785809329912023E18
3 0.5 6.5 475 0 8.4437367065991148E18
4 0.5 6.5 484 0 9.416753368789289E17
5 0.5 6.5 505 0 6.8717326610107884E18
6 0.5 6.5 472 0 5.14558307949696E18
7 0.5 6.5 505 0 3.4007465380828006E18
8 0.5 6.5 532 0 8.6133827514630738E18
9 0.5 6.5 493 0 1.35074102350782259E18
10 0.5 6.5 472 0 3.2099056786051441E18
11 0.5 6.5 478 0 3.4359966115987323E18
0 0.5 7.0 517 0 8.7602872621080617E18
1 0.5 7.0 514 0 7.2239584314275727E18
2 0.5 7.0 499 0 5.0785809329912023E18
3 0.5 7.0 484 0 8.4437367065991148E18
4 0.5 7.0 502 0 9.416753368789289E17
5 0.5 7.0 505 0 6.8717326610107884E18
6 0.5 7.0 496 0 5.14558307949696E18
7 0.5 7.0 490 0 3.4007465380828006E18
8 0.5 7.0 523 0 8.6133827514630738E18
9 0.5 7.0 490 0 1.35074102350782259E18
10 0.5 7.0 487 0 3.2099056786051441E18
11 0.5 7.0 490 0 3.4359966115987323E18
0 0.5 7.5 559 0 8.7602872621080617E18
1 0.5 7.5 505 0 7.2239584314275727E18
2 0.5 7.5 511 0 5.0785809329912023E18
3 0.5 7.5 484 0 8.4437367065991148E18
4 0.5 7.5 511 0 9.416753368789289E17
5 0.5 7.5 511 0 6.8717326610107884E18
6 0.5 7.5 508 0 5.14558307949696E18
7 0.5 7.5 505 0 3.4007465380828006E18
8 0.5 7.5 532 0 8.6133827514630738E18
9 0.5 7.5 508 0 1.35074102350782259E18
10 0.5 7.5 463 0 3.2099056786051441E18
11 0.5 7.5 478 0 3.4359966115987323E18
0 0.5 8.0 541 0 8.7602872621080617E18
1 0.5 8.0 514 0 7.2239584314275727E18
2 0.5 8.0 526 0 5.0785809329912023E18
3 0.5 8.0 496 0 8.4437367065991148E18
4 0.5 8.0 499 0 9.416753368789289E17
5 0.5 8.0 526 0 6.8717326610107884E18
6 0.5 8.0 517 0 5.14558307949696E18
7 0.5 8.0 496 0 3.4007465380828006E18
8 0.5 8.0 520 0 8.6133827514630738E18
9 0.5 8.0 490 0 1.35074102350782259E18
10 0.5 8.0 478 0 3.2099056786051441E18
11 0.5 8.0 481 0 3.4359966115987323E18
0 0.5 8.5 532 0 8.7602872621080617E18
1 0.5 8.5 514 0 7.2239584314275727E18
2 0.5 8.5 520 0 5.0785809329912023E18
3 0.5 8.5 502 0 8.4437367065991148E18
4 0.5 8.5 505 0 9.416753368789289E17
5 0.5 8.5 514 0 6.8717326610107884E18
6 0.5 8.5 508 0 5.14558307949696E18
7 0.5 8.5 505 0 3.4007465380828006E18
8 0.5 8.5 532 0 8.6133827514630738E18
9 0.5 8.5 517 0 1.35074102350782259E18
10 0.5 8.5 505 0 3.2099056786051441E18
11 0.5 8.5 502 0 3.4359966115987323E18
0 0.5 9.0 529 0 8.7602872621080617E18
1 0.5 9.0 511 0 7.2239584314275727E18
2 0.5 9.0 529 0 5.0785809329912023E18
3 0.5 9.0 490 0 8.4437367065991148E18
4 0.5 9.0 514 0 9.416753368789289E17
5 0.5 9.0 526 0 6.8717326610107884E18
6 0.5 9.0 505 0 5.14558307949696E18
7 0.5 9.0 508 0 3.4007465380828006E18
8 0.5 9.0 553 0 8.6133827514630738E18
9 0.5 9.0 502 0 1.35074102350782259E18
10 0.5 9.0 475 0 3.2099056786051441E18
11 0.5 9.0 499 0 3.4359966115987323E18
0 0.5 9.5 559 0 8.7602872621080617E18
1 0.5 9.5 541 0 7.2239584314275727E18
2 0.5 9.5 529 0 5.0785809329912023E18
3 0.5 9.5 475 0 8.4437367065991148E18
4 0.5 9.5 505 0 9.416753368789289E17
5 0.5 9.5 526 0 6.8717326610107884E18
6 0.5 9.5 514 0 5.14558307949696E18
7 0.5 9.5 517 0 3.4007465380828006E18
8 0.5 9.5 544 0 8.6133827514630738E18
9 0.5 9.5 502 0 1.35074102350782259E18
10 0.5 9.5 472 0 3.2099056786051441E18
11 0.5 9.5 472 0 3.4359966115987323E18
0 0.5 10.0 547 0 8.7602872621080617E18
1 0.5 10.0 508 0 7.2239584314275727E18
2 0.5 10.0 538 0 5.0785809329912023E18
3 0.5 10.0 466 0 8.4437367065991148E18
4 0.5 10.0 499 0 9.416753368789289E17
5 0.5 10.0 547 0 6.8717326610107884E18
6 0.5 10.0 514 0 5.14558307949696E18
7 0.5 10.0 523 0 3.4007465380828006E18
8 0.5 10.0 553 0 8.6133827514630738E18
9 0.5 10.0 502 0 1.35074102350782259E18
10 0.5 10.0 478 0 3.2099056786051441E18
11 0.5 10.0 484 0 3.4359966115987323E18
0 1.0 6.5 535 0 8.7602872621080617E18
1 1.0 6.5 496 0 7.2239584314275727E18
2 1.0 6.5 529 0 5.0785809329912023E18
3 1.0 6.5 478 0 8.4437367065991148E18
4 1.0 6.5 490 0 9.416753368789289E17
5 1.0 6.5 514 0 6.8717326610107884E18
6 1.0 6.5 493 0 5.14558307949696E18
7 1.0 6.5 511 0 3.4007465380828006E18
8 1.0 6.5 529 0 8.6133827514630738E18
9 1.0 6.5 481 0 1.35074102350782259E18
10 1.0 6.5 511 0 3.2099056786051441E18
11 1.0 6.5 493 0 3.4359966115987323E18
0 1.0 7.0 541 0 8.7602872621080617E18
1 1.0 7.0 538 0 7.2239584314275727E18
2 1.0 7.0 499 0 5.0785809329912023E18
3 1.0 7.0 460 0 8.4437367065991148E18
4 1.0 7.0 493 0 9.416753368789289E17
5 1.0 7.0 508 0 6.8717326610107884E18
6 1.0 7.0 505 0 5.14558307949696E18
7 1.0 7.0 496 0 3.4007465380828006E18
8 1.0 7.0 526 0 8.6133827514630738E18
9 1.0 7.0 493 0 1.35074102350782259E18
10 1.0 7.0 493 0 3.2099056786051441E18
11 1.0 7.0 499 0 3.4359966115987323E18
0 1.0 7.5 532 0 8.7602872621080617E18
1 1.0 7.5 508 0 7.2239584314275727E18
2 1.0 7.5 526 0 5.0785809329912023E18
3 1.0 7.5 481 0 8.4437367065991148E18
4 1.0 7.5 493 0 9.416753368789289E17
5 1.0 7.5 517 0 6.8717326610107884E18
6 1.0 7.5 514 0 5.14558307949696E18
7 1.0 7.5 505 0 3.4007465380828006E18
8 1.0 7.5 547 0 8.6133827514630738E18
9 1.0 7.5 502 0 1.35074102350782259E18
10 1.0 7.5 478 0 3.2099056786051441E18
11 1.0 7.5 490 0 3.4359966115987323E18
0 1.0 8.0 541 0 8.7602872621080617E18
1 1.0 8.0 517 0 7.2239584314275727E18
2 1.0 8.0 511 0 5.0785809329912023E18
3 1.0 8.0 493 0 8.4437367065991148E18
4 1.0 8.0 511 0 9.416753368789289E17
5 1.0 8.0 535 0 6.8717326610107884E18
6 1.0 8.0 514 0 5.14558307949696E18
7 1.0 8.0 514 0 3.4007465380828006E18
8 1.0 8.0 526 0 8.6133827514630738E18
9 1.0 8.0 487 0 1.35074102350782259E18
10 1.0 8.0 484 0 3.2099056786051441E18
11 1.0 8.0 484 0 3.4359966115987323E18
0 1.0 8.5 562 0 8.7602872621080617E18
1 1.0 8.5 526 0 7.2239584314275727E18
2 1.0 8.5 499 0 5.0785809329912023E18
3 1.0 8.5 478 0 8.4437367065991148E18
4 1.0 8.5 502 0 9.416753368789289E17
5 1.0 8.5 520 0 6.8717326610107884E18
6 1.0 8.5 514 0 5.14558307949696E18
7 1.0 8.5 505 0 3.4007465380828006E18
8 1.0 8.5 556 0 8.6133827514630738E18
9 1.0 8.5 502 0 1.35074102350782259E18
10 1.0 8.5 493 0 3.2099056786051441E18
11 1.0 8.5 481 0 3.4359966115987323E18
0 1.0 9.0 553 0 8.7602872621080617E18
1 1.0 9.0 523 0 7.2239584314275727E18
2 1.0 9.0 508 0 5.0785809329912023E18
3 1.0 9.0 484 0 8.4437367065991148E18
4 1.0 9.0 493 0 9.416753368789289E17
5 1.0 9.0 535 0 6.8717326610107884E18
6 1.0 9.0 511 0 5.14558307949696E18
7 1.0 9.0 508 0 3.4007465380828006E18
8 1.0 9.0 553 0 8.6133827514630738E18
9 1.0 9.0 508 0 1.35074102350782259E18
10 1.0 9.0 484 0 3.2099056786051441E18
11 1.0 9.0 490 0 3.4359966115987323E18
0 1.0 9.5 550 0 8.7602872621080617E18
1 1.0 9.5 535 0 7.2239584314275727E18
2 1.0 9.5 523 0 5.0785809329912023E18
3 1.0 9.5 484 0 8.4437367065991148E18
4 1.0 9.5 511 0 9.416753368789289E17
5 1.0 9.5 529 0 6.8717326610107884E18
6 1.0 9.5 496 0 5.14558307949696E18
7 1.0 9.5 538 0 3.4007465380828006E18
8 1.0 9.5 535 0 8.6133827514630738E18
9 1.0 9.5 505 0 1.35074102350782259E18
10 1.0 9.5 472 0 3.2099056786051441E18
11 1.0 9.5 496 0 3.4359966115987323E18
0 1.0 10.0 556 0 8.7602872621080617E18
1 1.0 10.0 511 0 7.2239584314275727E18
2 1.0 10.0 538 0 5.0785809329912023E18
3 1.0 10.0 490 0 8.4437367065991148E18
4 1.0 10.0 499 0 9.416753368789289E17
5 1.0 10.0 520 0 6.8717326610107884E18
6 1.0 10.0 499 0 5.14558307949696E18
7 1.0 10.0 508 0 3.4007465380828006E18
8 1.0 10.0 541 0 8.6133827514630738E18
9 1.0 10.0 496 0 1.35074102350782259E18
10 1.0 10.0 484 0 3.2099056786051441E18
11 1.0 10.0 490 0 3.4359966115987323E18
0 1.5 6.5 541 0 8.7602872621080617E18
1 1.5 6.5 496 0 7.2239584314275727E18
2 1.5 6.5 523 0 5.0785809329912023E18
3 1.5 6.5 484 0 8.4437367065991148E18
4 1.5 6.5 514 0 9.416753368789289E17
5 1.5 6.5 523 0 6.8717326610107884E18
6 1.5 6.5 520 0 5.14558307949696E18
7 1.5 6.5 508 0 3.4007465380828006E18
8 1.5 6.5 526 0 8.6133827514630738E18
9 1.5 6.5 508 0 1.35074102350782259E18
10 1.5 6.5 496 0 3.2099056786051441E18
11 1.5 6.5 493 0 3.4359966115987323E18
0 1.5 7.0 553 0 8.7602872621080617E18
1 1.5 7.0 535 0 7.2239584314275727E18
2 1.5 7.0 526 0 5.0785809329912023E18
3 1.5 7.0 475 0 8.4437367065991148E18
4 1.5 7.0 508 0 9.416753368789289E17
5 1.5 7.0 532 0 6.8717326610107884E18
6 1.5 7.0 499 0 5.14558307949696E18
7 1.5 7.0 511 0 3.4007465380828006E18
8 1.5 7.0 532 0 8.6133827514630738E18
9 1.5 7.0 520 0 1.35074102350782259E18
10 1.5 7.0 484 0 3.2099056786051441E18
11 1.5 7.0 481 0 3.4359966115987323E18
0 1.5 7.5 556 0 8.7602872621080617E18
1 1.5 7.5 511 0 7.2239584314275727E18
2 1.5 7.5 517 0 5.0785809329912023E18
3 1.5 7.5 493 0 8.4437367065991148E18
4 1.5 7.5 505 0 9.416753368789289E17
5 1.5 7.5 526 0 6.8717326610107884E18
6 1.5 7.5 535 0 5.14558307949696E18
7 1.5 7.5 529 0 3.4007465380828006E18
8 1.5 7.5 559 0 8.6133827514630738E18
9 1.5 7.5 499 0 1.35074102350782259E18
10 1.5 7.5 466 0 3.2099056786051441E18
11 1.5 7.5 496 0 3.4359966115987323E18
0 1.5 8.0 544 0 8.7602872621080617E18
1 1.5 8.0 505 0 7.2239584314275727E18
2 1.5 8.0 523 0 5.0785809329912023E18
3 1.5 8.0 493 0 8.4437367065991148E18
4 1.5 8.0 505 0 9.416753368789289E17
5 1.5 8.0 544 0 6.8717326610107884E18
6 1.5 8.0 502 0 5.14558307949696E18
7 1.5 8.0 517 0 3.4007465380828006E18
8 1.5 8.0 550 0 8.6133827514630738E18
9 1.5 8.0 517 0 1.35074102350782259E18
10 1.5 8.0 499 0 3.2099056786051441E18
11 1.5 8.0 502 0 3.4359966115987323E18
0 1.5 8.5 547 0 8.7602872621080617E18
1 1.5 8.5 508 0 7.2239584314275727E18
2 1.5 8.5 511 0 5.0785809329912023E18
3 1.5 8.5 487 0 8.4437367065991148E18
4 1.5 8.5 511 0 9.416753368789289E17
5 1.5 8.5 529 0 6.8717326610107884E18
6 1.5 8.5 502 0 5.14558307949696E18
7 1.5 8.5 505 0 3.4007465380828006E18
8 1.5 8.5 538 0 8.6133827514630738E18
9 1.5 8.5 505 0 1.35074102350782259E18
10 1.5 8.5 505 0 3.2099056786051441E18
11 1.5 8.5 487 0 3.4359966115987323E18
0 1.5 9.0 565 0 8.7602872621080617E18
1 1.5 9.0 517 0 7.2239584314275727E18
2 1.5 9.0 535 0 5.0785809329912023E18
3 1.5 9.0 484 0 8.4437367065991148E18
4 1.5 9.0 508 0 9.416753368789289E17
5 1.5 9.0 526 0 6.8717326610107884E18
6 1.5 9.0 520 0 5.14558307949696E18
7 1.5 9.0 514 0 3.4007465380828006E18
8 1.5 9.0 538 0 8.6133827514630738E18
9 1.5 9.0 496 0 1.35074102350782259E18
10 1.5 9.0 505 0 3.2099056786051441E18
11 1.5 9.0 487 0 3.4359966115987323E18
0 1.5 9.5 553 0 8.7602872621080617E18
1 1.5 9.5 508 0 7.2239584314275727E18
2 1.5 9.5 532 0 5.0785809329912023E18
3 1.5 9.5 478 0 8.4437367065991148E18
4 1.5 9.5 511 0 9.416753368789289E17
5 1.5 9.5 523 0 6.8717326610107884E18
6 1.5 9.5 499 0 5.14558307949696E18
7 1.5 9.5 505 0 3.4007465380828006E18
8 1.5 9.5 556 0 8.6133827514630738E18
9 1.5 9.5 502 0 1.35074102350782259E18
10 1.5 9.5 475 0 3.2099056786051441E18
11 1.5 9.5 490 0 3.4359966115987323E18
0 1.5 10.0 529 0 8.7602872621080617E18
1 1.5 10.0 511 0 7.2239584314275727E18
2 1.5 10.0 523 0 5.0785809329912023E18
3 1.5 10.0 496 0 8.4437367065991148E18
4 1.5 10.0 502 0 9.416753368789289E17
5 1.5 10.0 526 0 6.8717326610107884E18
6 1.5 10.0 493 0 5.14558307949696E18
7 1.5 10.0 517 0 3.4007465380828006E18
8 1.5 10.0 547 0 8.6133827514630738E18
9 1.5 10.0 505 0 1.35074102350782259E18
10 1.5 10.0 493 0 3.2099056786051441E18
11 1.5 10.0 493 0 3.4359966115987323E18
0 2.0 6.5 535 0 8.7602872621080617E18
1 2.0 6.5 508 0 7.2239584314275727E18
2 2.0 6.5 532 0 5.0785809329912023E18
3 2.0 6.5 496 0 8.4437367065991148E18
4 2.0 6.5 502 0 9.416753368789289E17
5 2.0 6.5 526 0 6.8717326610107884E18
6 2.0 6.5 499 0 5.14558307949696E18
7 2.0 6.5 502 0 3.4007465380828006E18
8 2.0 6.5 538 0 8.6133827514630738E18
9 2.0 6.5 514 0 1.35074102350782259E18
10 2.0 6.5 508 0 3.2099056786051441E18
11 2.0 6.5 499 0 3.4359966115987323E18
0 2.0 7.0 547 0 8.7602872621080617E18
1 2.0 7.0 532 0 7.2239584314275727E18
2 2.0 7.0 544 0 5.0785809329912023E18
3 2.0 7.0 493 0 8.4437367065991148E18
4 2.0 7.0 505 0 9.416753368789289E17
5 2.0 7.0 517 0 6.8717326610107884E18
6 2.0 7.0 511 0 5.14558307949696E18
7 2.0 7.0 505 0 3.4007465380828006E18
8 2.0 7.0 532 0 8.6133827514630738E18
9 2.0 7.0 508 0 1.35074102350782259E18
10 2.0 7.0 466 0 3.2099056786051441E18
11 2.0 7.0 496 0 3.4359966115987323E18
0 2.0 7.5 550 0 8.7602872621080617E18
1 2.0 7.5 520 0 7.2239584314275727E18
2 2.0 7.5 514 0 5.0785809329912023E18
3 2.0 7.5 490 0 8.4437367065991148E18
4 2.0 7.5 490 0 9.416753368789289E17
5 2.0 7.5 550 0 6.8717326610107884E18
6 2.0 7.5 511 0 5.14558307949696E18
7 2.0 7.5 520 0 3.4007465380828006E18
8 2.0 7.5 535 0 8.6133827514630738E18
9 2.0 7.5 523 0 1.35074102350782259E18
10 2.0 7.5 496 0 3.2099056786051441E18
11 2.0 7.5 493 0 3.4359966115987323E18
0 2.0 8.0 562 0 8.7602872621080617E18
1 2.0 8.0 505 0 7.2239584314275727E18
2 2.0 8.0 535 0 5.0785809329912023E18
3 2.0 8.0 496 0 8.4437367065991148E18
4 2.0 8.0 508 0 9.416753368789289E17
5 2.0 8.0 535 0 6.8717326610107884E18
6 2.0 8.0 517 0 5.14558307949696E18
7 2.0 8.0 517 0 3.4007465380828006E18
8 2.0 8.0 562 0 8.6133827514630738E18
9 2.0 8.0 526 0 1.35074102350782259E18
10 2.0 8.0 487 0 3.2099056786051441E18
11 2.0 8.0 502 0 3.4359966115987323E18
0 2.0 8.5 544 0 8.7602872621080617E18
1 2.0 8.5 514 0 7.2239584314275727E18
2 2.0 8.5 526 0 5.0785809329912023E18
3 2.0 8.5 496 0 8.4437367065991148E18
4 2.0 8.5 511 0 9.416753368789289E17
5 2.0 8.5 547 0 6.8717326610107884E18
6 2.0 8.5 505 0 5.14558307949696E18
7 2.0 8.5 511 0 3.4007465380828006E18
8 2.0 8.5 535 0 8.6133827514630738E18
9 2.0 8.5 520 0 1.35074102350782259E18
10 2.0 8.5 487 0 3.2099056786051441E18
11 2.0 8.5 490 0 3.4359966115987323E18
0 2.0 9.0 544 0 8.7602872621080617E18
1 2.0 9.0 517 0 7.2239584314275727E18
2 2.0 9.0 529 0 5.0785809329912023E18
3 2.0 9.0 508 0 8.4437367065991148E18
4 2.0 9.0 511 0 9.416753368789289E17
5 2.0 9.0 541 0 6.8717326610107884E18
6 2.0 9.0 508 0 5.14558307949696E18
7 2.0 9.0 517 0 3.4007465380828006E18
8 2.0 9.0 529 0 8.6133827514630738E18
9 2.0 9.0 529 0 1.35074102350782259E18
10 2.0 9.0 502 0 3.2099056786051441E18
11 2.0 9.0 496 0 3.4359966115987323E18
0 2.0 9.5 562 0 8.7602872621080617E18
1 2.0 9.5 517 0 7.2239584314275727E18
2 2.0 9.5 532 0 5.0785809329912023E18
3 2.0 9.5 478 0 8.4437367065991148E18
4 2.0 9.5 496 0 9.416753368789289E17
5 2.0 9.5 523 0 6.8717326610107884E18
6 2.0 9.5 526 0 5.14558307949696E18
7 2.0 9.5 538 0 3.4007465380828006E18
8 2.0 9.5 550 0 8.6133827514630738E18
9 2.0 9.5 514 0 1.35074102350782259E18
10 2.0 9.5 475 0 3.2099056786051441E18
11 2.0 9.5 493 0 3.4359966115987323E18
0 2.0 10.0 526 0 8.7602872621080617E18
1 2.0 10.0 505 0 7.2239584314275727E18
2 2.0 10.0 526 0 5.0785809329912023E18
3 2.0 10.0 481 0 8.4437367065991148E18
4 2.0 10.0 499 0 9.416753368789289E17
5 2.0 10.0 523 0 6.8717326610107884E18
6 2.0 10.0 520 0 5.14558307949696E18
7 2.0 10.0 523 0 3.4007465380828006E18
8 2.0 10.0 535 0 8.6133827514630738E18
9 2.0 10.0 532 0 1.35074102350782259E18
10 2.0 10.0 481 0 3.2099056786051441E18
11 2.0 10.0 490 0 3.4359966115987323E18
0 2.5 6.5 565 0 8.7602872621080617E18
1 2.5 6.5 508 0 7.2239584314275727E18
2 2.5 6.5 523 0 5.0785809329912023E18
3 2.5 6.5 481 0 8.4437367065991148E18
4 2.5 6.5 499 0 9.416753368789289E17
5 2.5 6.5 520 0 6.8717326610107884E18
6 2.5 6.5 502 0 5.14558307949696E18
7 2.5 6.5 538 0 3.4007465380828006E18
8 2.5 6.5 535 0 8.6133827514630738E18
9 2.5 6.5 502 0 1.35074102350782259E18
10 2.5 6.5 517 0 3.2099056786051441E18
11 2.5 6.5 511 0 3.4359966115987323E18
0 2.5 7.0 559 0 8.7602872621080617E18
1 2.5 7.0 535 0 7.2239584314275727E18
2 2.5 7.0 526 0 5.0785809329912023E18
3 2.5 7.0 505 0 8.4437367065991148E18
4 2.5 7.0 511 0 9.416753368789289E17
5 2.5 7.0 535 0 6.8717326610107884E18
6 2.5 7.0 517 0 5.14558307949696E18
7 2.5 7.0 529 0 3.4007465380828006E18
8 2.5 7.0 535 0 8.6133827514630738E18
9 2.5 7.0 511 0 1.35074102350782259E18
10 2.5 7.0 484 0 3.2099056786051441E18
11 2.5 7.0 493 0 3.4359966115987323E18
0 2.5 7.5 571 0 8.7602872621080617E18
1 2.5 7.5 502 0 7.2239584314275727E18
2 2.5 7.5 532 0 5.0785809329912023E18
3 2.5 7.5 487 0 8.4437367065991148E18
4 2.5 7.5 511 0 9.416753368789289E17
5 2.5 7.5 556 0 6.8717326610107884E18
6 2.5 7.5 502 0 5.14558307949696E18
7 2.5 7.5 511 0 3.4007465380828006E18
8 2.5 7.5 544 0 8.6133827514630738E18
9 2.5 7.5 514 0 1.35074102350782259E18
10 2.5 7.5 505 0 3.2099056786051441E18
11 2.5 7.5 496 0 3.4359966115987323E18
0 2.5 8.0 550 0 8.7602872621080617E18
1 2.5 8.0 508 0 7.2239584314275727E18
2 2.5 8.0 520 0 5.0785809329912023E18
3 2.5 8.0 493 0 8.4437367065991148E18
4 2.5 8.0 517 0 9.416753368789289E17
5 2.5 8.0 556 0 6.8717326610107884E18
6 2.5 8.0 532 0 5.14558307949696E18
7 2.5 8.0 517 0 3.4007465380828006E18
8 2.5 8.0 559 0 8.6133827514630738E18
9 2.5 8.0 526 0 1.35074102350782259E18
10 2.5 8.0 481 0 3.2099056786051441E18
11 2.5 8.0 514 0 3.4359966115987323E18
0 2.5 8.5 571 0 8.7602872621080617E18
1 2.5 8.5 511 0 7.2239584314275727E18
2 2.5 8.5 508 0 5.0785809329912023E18
3 2.5 8.5 490 0 8.4437367065991148E18
4 2.5 8.5 508 0 9.416753368789289E17
5 2.5 8.5 547 0 6.8717326610107884E18
6 2.5 8.5 520 0 5.14558307949696E18
7 2.5 8.5 517 0 3.4007465380828006E18
8 2.5 8.5 565 0 8.6133827514630738E18
9 2.5 8.5 505 0 1.35074102350782259E18
10 2.5 8.5 499 0 3.2099056786051441E18
11 2.5 8.5 484 0 3.4359966115987323E18
0 2.5 9.0 559 0 8.7602872621080617E18
1 2.5 9.0 526 0 7.2239584314275727E18
2 2.5 9.0 532 0 5.0785809329912023E18
3 2.5 9.0 502 0 8.4437367065991148E18
4 2.5 9.0 505 0 9.416753368789289E17
5 2.5 9.0 529 0 6.8717326610107884E18
6 2.5 9.0 523 0 5.14558307949696E18
7 2.5 9.0 538 0 3.4007465380828006E18
8 2.5 9.0 556 0 8.6133827514630738E18
9 2.5 9.0 511 0 1.35074102350782259E18
10 2.5 9.0 496 0 3.2099056786051441E18
11 2.5 9.0 496 0 3.4359966115987323E18
0 2.5 9.5 565 0 8.7602872621080617E18
1 2.5 9.5 520 0 7.2239584314275727E18
2 2.5 9.5 556 0 5.0785809329912023E18
3 2.5 9.5 487 0 8.4437367065991148E18
4 2.5 9.5 508 0 9.416753368789289E17
5 2.5 9.5 511 0 6.8717326610107884E18
6 2.5 9.5 496 0 5.14558307949696E18
7 2.5 9.5 520 0 3.4007465380828006E18
8 2.5 9.5 535 0 8.6133827514630738E18
9 2.5 9.5 520 0 1.35074102350782259E18
10 2.5 9.5 472 0 3.2099056786051441E18
11 2.5 9.5 496 0 3.4359966115987323E18
0 2.5 10.0 544 0 8.7602872621080617E18
1 2.5 10.0 520 0 7.2239584314275727E18
2 2.5 10.0 532 0 5.0785809329912023E18
3 2.5 10.0 505 0 8.4437367065991148E18
4 2.5 10.0 499 0 9.416753368789289E17
5 2.5 10.0 535 0 6.8717326610107884E18
6 2.5 10.0 502 0 5.14558307949696E18
7 2.5 10.0 505 0 3.4007465380828006E18
8 2.5 10.0 547 0 8.6133827514630738E18
9 2.5 10.0 502 0 1.35074102350782259E18
10 2.5 10.0 472 0 3.2099056786051441E18
11 2.5 10.0 496 0 3.4359966115987323E18
0 3.0 6.5 586 0 8.7602872621080617E18
1 3.0 6.5 529 0 7.2239584314275727E18
2 3.0 6.5 526 0 5.0785809329912023E18
3 3.0 6.5 481 0 8.4437367065991148E18
4 3.0 6.5 517 0 9.416753368789289E17
5 3.0 6.5 529 0 6.8717326610107884E18
6 3.0 6.5 505 0 5.14558307949696E18
7 3.0 6.5 544 0 3.4007465380828006E18
8 3.0 6.5 535 0 8.6133827514630738E18
9 3.0 6.5 490 0 1.35074102350782259E18
10 3.0 6.5 493 0 3.2099056786051441E18
11 3.0 6.5 520 0 3.4359966115987323E18
0 3.0 7.0 550 0 8.7602872621080617E18
1 3.0 7.0 544 0 7.2239584314275727E18
2 3.0 7.0 526 0 5.0785809329912023E18
3 3.0 7.0 493 0 8.4437367065991148E18
4 3.0 7.0 529 0 9.416753368789289E17
5 3.0 7.0 520 0 6.8717326610107884E18
6 3.0 7.0 535 0 5.14558307949696E18
7 3.0 7.0 538 0 3.4007465380828006E18
8 3.0 7.0 556 0 8.6133827514630738E18
9 3.0 7.0 523 0 1.35074102350782259E18
10 3.0 7.0 499 0 3.2099056786051441E18
11 3.0 7.0 502 0 3.4359966115987323E18
0 3.0 7.5 559 0 8.7602872621080617E18
1 3.0 7.5 526 0 7.2239584314275727E18
2 3.0 7.5 541 0 5.0785809329912023E18
3 3.0 7.5 502 0 8.4437367065991148E18
4 3.0 7.5 517 0 9.416753368789289E17
5 3.0 7.5 523 0 6.8717326610107884E18
6 3.0 7.5 517 0 5.14558307949696E18
7 3.0 7.5 532 0 3.4007465380828006E18
8 3.0 7.5 571 0 8.6133827514630738E18
9 3.0 7.5 517 0 1.35074102350782259E18
10 3.0 7.5 487 0 3.2099056786051441E18
11 3.0 7.5 520 0 3.4359966115987323E18
0 3.0 8.0 571 0 8.7602872621080617E18
1 3.0 8.0 520 0 7.2239584314275727E18
2 3.0 8.0 529 0 5.0785809329912023E18
3 3.0 8.0 487 0 8.4437367065991148E18
4 3.0 8.0 508 0 9.416753368789289E17
5 3.0 8.0 529 0 6.8717326610107884E18
6 3.0 8.0 520 0 5.14558307949696E18
7 3.0 8.0 526 0 3.4007465380828006E18
8 3.0 8.0 565 0 8.6133827514630738E18
9 3.0 8.0 514 0 1.35074102350782259E18
10 3.0 8.0 499 0 3.2099056786051441E18
11 3.0 8.0 493 0 3.4359966115987323E18
0 3.0 8.5 562 0 8.7602872621080617E18
1 3.0 8.5 511 0 7.2239584314275727E18
2 3.0 8.5 517 0 5.0785809329912023E18
3 3.0 8.5 484 0 8.4437367065991148E18
4 3.0 8.5 499 0 9.416753368789289E17
5 3.0 8.5 523 0 6.8717326610107884E18
6 3.0 8.5 502 0 5.14558307949696E18
7 3.0 8.5 511 0 3.4007465380828006E18
8 3.0 8.5 538 0 8.6133827514630738E18
9 3.0 8.5 502 0 1.35074102350782259E18
10 3.0 8.5 496 0 3.2099056786051441E18
11 3.0 8.5 490 0 3.4359966115987323E18
0 3.0 9.0 547 0 8.7602872621080617E18
1 3.0 9.0 505 0 7.2239584314275727E18
2 3.0 9.0 547 0 5.0785809329912023E18
3 3.0 9.0 496 0 8.4437367065991148E18
4 3.0 9.0 514 0 9.416753368789289E17
5 3.0 9.0 532 0 6.8717326610107884E18
6 3.0 9.0 535 0 5.14558307949696E18
7 3.0 9.0 535 0 3.4007465380828006E18
8 3.0 9.0 574 0 8.6133827514630738E18
9 3.0 9.0 514 0 1.35074102350782259E18
10 3.0 9.0 502 0 3.2099056786051441E18
11 3.0 9.0 508 0 3.4359966115987323E18
0 3.0 9.5 541 0 8.7602872621080617E18
1 3.0 9.5 508 0 7.2239584314275727E18
2 3.0 9.5 535 0 5.0785809329912023E18
3 3.0 9.5 508 0 8.4437367065991148E18
4 3.0 9.5 508 0 9.416753368789289E17
5 3.0 9.5 529 0 6.8717326610107884E18
6 3.0 9.5 508 0 5.14558307949696E18
7 3.0 9.5 526 0 3.4007465380828006E18
8 3.0 9.5 532 0 8.6133827514630738E18
9 3.0 9.5 508 0 1.35074102350782259E18
10 3.0 9.5 490 0 3.2099056786051441E18
11 3.0 9.5 502 0 3.4359966115987323E18
0 3.0 10.0 541 0 8.7602872621080617E18
1 3.0 10.0 511 0 7.2239584314275727E18
2 3.0 10.0 526 0 5.0785809329912023E18
3 3.0 10.0 496 0 8.4437367065991148E18
4 3.0 10.0 502 0 9.416753368789289E17
5 3.0 10.0 517 0 6.8717326610107884E18
6 3.0 10.0 502 0 5.14558307949696E18
7 3.0 10.0 529 0 3.4007465380828006E18
8 3.0 10.0 550 0 8.6133827514630738E18
9 3.0 10.0 508 0 1.35074102350782259E18
10 3.0 10.0 499 0 3.2099056786051441E18
11 3.0 10.0 490 0 3.4359966115987323E18
0 3.5 6.5 568 0 8.7602872621080617E18
1 3.5 6.5 541 0 7.2239584314275727E18
2 3.5 6.5 547 0 5.0785809329912023E18
3 3.5 6.5 490 0 8.4437367065991148E18
4 3.5 6.5 517 0 9.416753368789289E17
5 3.5 6.5 535 0 6.8717326610107884E18
6 3.5 6.5 514 0 5.14558307949696E18
7 3.5 6.5 535 0 3.4007465380828006E18
8 3.5 6.5 532 0 8.6133827514630738E18
9 3.5 6.5 502 0 1.35074102350782259E18
10 3.5 6.5 490 0 3.2099056786051441E18
11 3.5 6.5 502 0 3.4359966115987323E18
0 3.5 7.0 565 0 8.7602872621080617E18
1 3.5 7.0 514 0 7.2239584314275727E18
2 3.5 7.0 553 0 5.0785809329912023E18
3 3.5 7.0 499 0 8.4437367065991148E18
4 3.5 7.0 514 0 9.416753368789289E17
5 3.5 7.0 526 0 6.8717326610107884E18
6 3.5 7.0 523 0 5.14558307949696E18
7 3.5 7.0 529 0 3.4007465380828006E18
8 3.5 7.0 538 0 8.6133827514630738E18
9 3.5 7.0 538 0 1.35074102350782259E18
10 3.5 7.0 502 0 3.2099056786051441E18
11 3.5 7.0 499 0 3.4359966115987323E18
0 3.5 7.5 529 0 8.7602872621080617E18
1 3.5 7.5 520 0 7.2239584314275727E18
2 3.5 7.5 538 0 5.0785809329912023E18
3 3.5 7.5 511 0 8.4437367065991148E18
4 3.5 7.5 499 0 9.416753368789289E17
5 3.5 7.5 520 0 6.8717326610107884E18
6 3.5 7.5 508 0 5.14558307949696E18
7 3.5 7.5 532 0 3.4007465380828006E18
8 3.5 7.5 574 0 8.6133827514630738E18
9 3.5 7.5 523 0 1.35074102350782259E18
10 3.5 7.5 490 0 3.2099056786051441E18
11 3.5 7.5 508 0 3.4359966115987323E18
0 3.5 8.0 553 0 8.7602872621080617E18
1 3.5 8.0 514 0 7.2239584314275727E18
2 3.5 8.0 520 0 5.0785809329912023E18
3 3.5 8.0 499 0 8.4437367065991148E18
4 3.5 8.0 511 0 9.416753368789289E17
5 3.5 8.0 514 0 6.8717326610107884E18
6 3.5 8.0 517 0 5.14558307949696E18
7 3.5 8.0 538 0 3.4007465380828006E18
8 3.5 8.0 532 0 8.6133827514630738E18
9 3.5 8.0 538 0 1.35074102350782259E18
10 3.5 8.0 496 0 3.2099056786051441E18
11 3.5 8.0 496 0 3.4359966115987323E18
0 3.5 8.5 550 0 8.7602872621080617E18
1 3.5 8.5 520 0 7.2239584314275727E18
2 3.5 8.5 529 0 5.0785809329912023E18
3 3.5 8.5 484 0 8.4437367065991148E18
4 3.5 8.5 517 0 9.416753368789289E17
5 3.5 8.5 520 0 6.8717326610107884E18
6 3.5 8.5 526 0 5.14558307949696E18
7 3.5 8.5 520 0 3.4007465380828006E18
8 3.5 8.5 553 0 8.6133827514630738E18
9 3.5 8.5 514 0 1.35074102350782259E18
10 3.5 8.5 472 0 3.2099056786051441E18
11 3.5 8.5 487 0 3.4359966115987323E18
0 3.5 9.0 571 0 8.7602872621080617E18
1 3.5 9.0 508 0 7.2239584314275727E18
2 3.5 9.0 523 0 5.0785809329912023E18
3 3.5 9.0 475 0 8.4437367065991148E18
4 3.5 9.0 490 0 9.416753368789289E17
5 3.5 9.0 544 0 6.8717326610107884E18
6 3.5 9.0 514 0 5.14558307949696E18
7 3.5 9.0 523 0 3.4007465380828006E18
8 3.5 9.0 556 0 8.6133827514630738E18
9 3.5 9.0 505 0 1.35074102350782259E18
10 3.5 9.0 487 0 3.2099056786051441E18
11 3.5 9.0 502 0 3.4359966115987323E18
0 3.5 9.5 559 0 8.7602872621080617E18
1 3.5 9.5 517 0 7.2239584314275727E18
2 3.5 9.5 520 0 5.0785809329912023E18
3 3.5 9.5 496 0 8.4437367065991148E18
4 3.5 9.5 508 0 9.416753368789289E17
5 3.5 9.5 514 0 6.8717326610107884E18
6 3.5 9.5 514 0 5.14558307949696E18
7 3.5 9.5 520 0 3.4007465380828006E18
8 3.5 9.5 541 0 8.6133827514630738E18
9 3.5 9.5 532 0 1.35074102350782259E18
10 3.5 9.5 493 0 3.2099056786051441E18
11 3.5 9.5 496 0 3.4359966115987323E18
0 3.5 10.0 550 0 8.7602872621080617E18
1 3.5 10.0 526 0 7.2239584314275727E18
2 3.5 10.0 544 0 5.0785809329912023E18
3 3.5 10.0 499 0 8.4437367065991148E18
4 3.5 10.0 508 0 9.416753368789289E17
5 3.5 10.0 502 0 6.8717326610107884E18
6 3.5 10.0 496 0 5.14558307949696E18
7 3.5 10.0 514 0 3.4007465380828006E18
8 3.5 10.0 550 0 8.6133827514630738E18
9 3.5 10.0 487 0 1.35074102350782259E18
10 3.5 10.0 496 0 3.2099056786051441E18
11 3.5 10.0 502 0 3.4359966115987323E18
0 4.0 6.5 550 0 8.7602872621080617E18
1 4.0 6.5 529 0 7.2239584314275727E18
2 4.0 6.5 556 0 5.0785809329912023E18
3 4.0 6.5 502 0 8.4437367065991148E18
4 4.0 6.5 511 0 9.416753368789289E17
5 4.0 6.5 529 0 6.8717326610107884E18
6 4.0 6.5 502 0 5.14558307949696E18
7 4.0 6.5 547 0 3.4007465380828006E18
8 4.0 6.5 517 0 8.6133827514630738E18
9 4.0 6.5 508 0 1.35074102350782259E18
10 4.0 6.5 499 0 3.2099056786051441E18
11 4.0 6.5 496 0 3.4359966115987323E18
0 4.0 7.0 562 0 8.7602872621080617E18
1 4.0 7.0 532 0 7.2239584314275727E18
2 4.0 7.0 535 0 5.0785809329912023E18
3 4.0 7.0 511 0 8.4437367065991148E18
4 4.0 7.0 520 0 9.416753368789289E17
5 4.0 7.0 532 0 6.8717326610107884E18
6 4.0 7.0 538 0 5.14558307949696E18
7 4.0 7.0 547 0 3.4007465380828006E18
8 4.0 7.0 571 0 8.6133827514630738E18
9 4.0 7.0 496 0 1.35074102350782259E18
10 4.0 7.0 511 0 3.2099056786051441E18
11 4.0 7.0 496 0 3.4359966115987323E18
0 4.0 7.5 544 0 8.7602872621080617E18
1 4.0 7.5 526 0 7.2239584314275727E18
2 4.0 7.5 520 0 5.0785809329912023E18
3 4.0 7.5 508 0 8.4437367065991148E18
4 4.0 7.5 502 0 9.416753368789289E17
5 4.0 7.5 511 0 6.8717326610107884E18
6 4.0 7.5 508 0 5.14558307949696E18
7 4.0 7.5 526 0 3.4007465380828006E18
8 4.0 7.5 556 0 8.6133827514630738E18
9 4.0 7.5 514 0 1.35074102350782259E18
10 4.0 7.5 514 0 3.2099056786051441E18
11 4.0 7.5 499 0 3.4359966115987323E18
0 4.0 8.0 565 0 8.7602872621080617E18
1 4.0 8.0 514 0 7.2239584314275727E18
2 4.0 8.0 553 0 5.0785809329912023E18
3 4.0 8.0 505 0 8.4437367065991148E18
4 4.0 8.0 514 0 9.416753368789289E17
5 4.0 8.0 514 0 6.8717326610107884E18
6 4.0 8.0 508 0 5.14558307949696E18
7 4.0 8.0 550 0 3.4007465380828006E18
8 4.0 8.0 553 0 8.6133827514630738E18
9 4.0 8.0 514 0 1.35074102350782259E18
10 4.0 8.0 496 0 3.2099056786051441E18
11 4.0 8.0 499 0 3.4359966115987323E18
0 4.0 8.5 532 0 8.7602872621080617E18
1 4.0 8.5 520 0 7.2239584314275727E18
2 4.0 8.5 526 0 5.0785809329912023E18
3 4.0 8.5 493 0 8.4437367065991148E18
4 4.0 8.5 514 0 9.416753368789289E17
5 4.0 8.5 502 0 6.8717326610107884E18
6 4.0 8.5 517 0 5.14558307949696E18
7 4.0 8.5 517 0 3.4007465380828006E18
8 4.0 8.5 553 0 8.6133827514630738E18
9 4.0 8.5 526 0 1.35074102350782259E18
10 4.0 8.5 499 0 3.2099056786051441E18
11 4.0 8.5 502 0 3.4359966115987323E18
0 4.0 9.0 553 0 8.7602872621080617E18
1 4.0 9.0 511 0 7.2239584314275727E18
2 4.0 9.0 559 0 5.0785809329912023E18
3 4.0 9.0 493 0 8.4437367065991148E18
4 4.0 9.0 508 0 9.416753368789289E17
5 4.0 9.0 526 0 6.8717326610107884E18
6 4.0 9.0 532 0 5.14558307949696E18
7 4.0 9.0 526 0 3.4007465380828006E18
8 4.0 9.0 544 0 8.6133827514630738E18
9 4.0 9.0 493 0 1.35074102350782259E18
10 4.0 9.0 502 0 3.2099056786051441E18
11 4.0 9.0 496 0 3.4359966115987323E18
0 4.0 9.5 550 0 8.7602872621080617E18
1 4.0 9.5 514 0 7.2239584314275727E18
2 4.0 9.5 532 0 5.0785809329912023E18
3 4.0 9.5 487 0 8.4437367065991148E18
4 4.0 9.5 511 0 9.416753368789289E17
5 4.0 9.5 508 0 6.8717326610107884E18
6 4.0 9.5 505 0 5.14558307949696E18
7 4.0 9.5 529 0 3.4007465380828006E18
8 4.0 9.5 538 0 8.6133827514630738E18
9 4.0 9.5 517 0 1.35074102350782259E18
10 4.0 9.5 472 0 3.2099056786051441E18
11 4.0 9.5 490 0 3.4359966115987323E18
0 4.0 10.0 526 0 8.7602872621080617E18
1 4.0 10.0 520 0 7.2239584314275727E18
2 4.0 10.0 529 0 5.0785809329912023E18
3 4.0 10.0 481 0 8.4437367065991148E18
4 4.0 10.0 523 0 9.416753368789289E17
5 4.0 10.0 517 0 6.8717326610107884E18
6 4.0 10.0 502 0 5.14558307949696E18
7 4.0 10.0 517 0 3.4007465380828006E18
8 4.0 10.0 547 0 8.6133827514630738E18
9 4.0 10.0 514 0 1.35074102350782259E18
10 4.0 10.0 496 0 3.2099056786051441E18
11 4.0 10.0 496 0 3.4359966115987323E18
0 4.5 6.5 571 0 8.7602872621080617E18
1 4.5 6.5 544 0 7.2239584314275727E18
2 4.5 6.5 562 0 5.0785809329912023E18
3 4.5 6.5 532 0 8.4437367065991148E18
4 4.5 6.5 544 0 9.416753368789289E17
5 4.5 6.5 517 0 6.8717326610107884E18
6 4.5 6.5 514 0 5.14558307949696E18
7 4.5 6.5 553 0 3.4007465380828006E18
8 4.5 6.5 526 0 8.6133827514630738E18
9 4.5 6.5 529 0 1.35074102350782259E18
10 4.5 6.5 517 0 3.2099056786051441E18
11 4.5 6.5 496 0 3.4359966115987323E18
0 4.5 7.0 559 0 8.7602872621080617E18
1 4.5 7.0 535 0 7.2239584314275727E18
2 4.5 7.0 523 0 5.0785809329912023E18
3 4.5 7.0 481 0 8.4437367065991148E18
4 4.5 7.0 508 0 9.416753368789289E17
5 4.5 7.0 532 0 6.8717326610107884E18
6 4.5 7.0 505 0 5.14558307949696E18
7 4.5 7.0 532 0 3.4007465380828006E18
8 4.5 7.0 562 0 8.6133827514630738E18
9 4.5 7.0 514 0 1.35074102350782259E18
10 4.5 7.0 499 0 3.2099056786051441E18
11 4.5 7.0 508 0 3.4359966115987323E18
0 4.5 7.5 562 0 8.7602872621080617E18
1 4.5 7.5 523 0 7.2239584314275727E18
2 4.5 7.5 541 0 5.0785809329912023E18
3 4.5 7.5 493 0 8.4437367065991148E18
4 4.5 7.5 517 0 9.416753368789289E17
5 4.5 7.5 550 0 6.8717326610107884E18
6 4.5 7.5 508 0 5.14558307949696E18
7 4.5 7.5 550 0 3.4007465380828006E18
8 4.5 7.5 553 0 8.6133827514630738E18
9 4.5 7.5 538 0 1.35074102350782259E18
10 4.5 7.5 496 0 3.2099056786051441E18
11 4.5 7.5 523 0 3.4359966115987323E18
0 4.5 8.0 568 0 8.7602872621080617E18
1 4.5 8.0 535 0 7.2239584314275727E18
2 4.5 8.0 547 0 5.0785809329912023E18
3 4.5 8.0 499 0 8.4437367065991148E18
4 4.5 8.0 523 0 9.416753368789289E17
5 4.5 8.0 547 0 6.8717326610107884E18
6 4.5 8.0 526 0 5.14558307949696E18
7 4.5 8.0 511 0 3.4007465380828006E18
8 4.5 8.0 553 0 8.6133827514630738E18
9 4.5 8.0 499 0 1.35074102350782259E18
10 4.5 8.0 493 0 3.2099056786051441E18
11 4.5 8.0 514 0 3.4359966115987323E18
0 4.5 8.5 562 0 8.7602872621080617E18
1 4.5 8.5 496 0 7.2239584314275727E18
2 4.5 8.5 514 0 5.0785809329912023E18
3 4.5 8.5 484 0 8.4437367065991148E18
4 4.5 8.5 499 0 9.416753368789289E17
5 4.5 8.5 550 0 6.8717326610107884E18
6 4.5 8.5 517 0 5.14558307949696E18
7 4.5 8.5 508 0 3.4007465380828006E18
8 4.5 8.5 550 0 8.6133827514630738E18
9 4.5 8.5 508 0 1.35074102350782259E18
10 4.5 8.5 505 0 3.2099056786051441E18
11 4.5 8.5 502 0 3.4359966115987323E18
0 4.5 9.0 550 0 8.7602872621080617E18
1 4.5 9.0 517 0 7.2239584314275727E18
2 4.5 9.0 547 0 5.0785809329912023E18
3 4.5 9.0 511 0 8.4437367065991148E18
4 4.5 9.0 490 0 9.416753368789289E17
5 4.5 9.0 517 0 6.8717326610107884E18
6 4.5 9.0 517 0 5.14558307949696E18
7 4.5 9.0 514 0 3.4007465380828006E18
8 4.5 9.0 550 0 8.6133827514630738E18
9 4.5 9.0 532 0 1.35074102350782259E18
10 4.5 9.0 490 0 3.2099056786051441E18
11 4.5 9.0 484 0 3.4359966115987323E18
0 4.5 9.5 565 0 8.7602872621080617E18
1 4.5 9.5 508 0 7.2239584314275727E18
2 4.5 9.5 544 0 5.0785809329912023E18
3 4.5 9.5 490 0 8.4437367065991148E18
4 4.5 9.5 511 0 9.416753368789289E17
5 4.5 9.5 532 0 6.8717326610107884E18
6 4.5 9.5 523 0 5.14558307949696E18
7 4.5 9.5 520 0 3.4007465380828006E18
8 4.5 9.5 526 0 8.6133827514630738E18
9 4.5 9.5 505 0 1.35074102350782259E18
10 4.5 9.5 487 0 3.2099056786051441E18
11 4.5 9.5 496 0 3.4359966115987323E18
0 4.5 10.0 550 0 8.7602872621080617E18
1 4.5 10.0 505 0 7.2239584314275727E18
2 4.5 10.0 547 0 5.0785809329912023E18
3 4.5 10.0 472 0 8.4437367065991148E18
4 4.5 10.0 532 0 9.416753368789289E17
5 4.5 10.0 514 0 6.8717326610107884E18
6 4.5 10.0 505 0 5.14558307949696E18
7 4.5 10.0 514 0 3.4007465380828006E18
8 4.5 10.0 535 0 8.6133827514630738E18
9 4.5 10.0 508 0 1.35074102350782259E18
10 4.5 10.0 484 0 3.2099056786051441E18
11 4.5 10.0 493 0 3.4359966115987323E18
0 5.0 6.5 559 0 8.7602872621080617E18
1 5.0 6.5 523 0 7.2239584314275727E18
2 5.0 6.5 544 0 5.0785809329912023E18
3 5.0 6.5 520 0 8.4437367065991148E18
4 5.0 6.5 520 0 9.416753368789289E17
5 5.0 6.5 523 0 6.8717326610107884E18
6 5.0 6.5 517 0 5.14558307949696E18
7 5.0 6.5 556 0 3.4007465380828006E18
8 5.0 6.5 553 0 8.6133827514630738E18
9 5.0 6.5 517 0 1.35074102350782259E18
10 5.0 6.5 502 0 3.2099056786051441E18
11 5.0 6.5 505 0 3.4359966115987323E18
0 5.0 7.0 565 0 8.7602872621080617E18
1 5.0 7.0 538 0 7.2239584314275727E18
2 5.0 7.0 553 0 5.0785809329912023E18
3 5.0 7.0 514 0 8.4437367065991148E18
4 5.0 7.0 526 0 9.416753368789289E17
5 5.0 7.0 529 0 6.8717326610107884E18
6 5.0 7.0 529 0 5.14558307949696E18
7 5.0 7.0 535 0 3.4007465380828006E18
8 5.0 7.0 562 0 8.6133827514630738E18
9 5.0 7.0 505 0 1.35074102350782259E18
10 5.0 7.0 511 0 3.2099056786051441E18
11 5.0 7.0 514 0 3.4359966115987323E18
0 5.0 7.5 553 0 8.7602872621080617E18
1 5.0 7.5 523 0 7.2239584314275727E18
2 5.0 7.5 541 0 5.0785809329912023E18
3 5.0 7.5 502 0 8.4437367065991148E18
4 5.0 7.5 514 0 9.416753368789289E17
5 5.0 7.5 526 0 6.8717326610107884E18
6 5.0 7.5 514 0 5.14558307949696E18
7 5.0 7.5 532 0 3.4007465380828006E18
8 5.0 7.5 529 0 8.6133827514630738E18
9 5.0 7.5 535 0 1.35074102350782259E18
10 5.0 7.5 493 0 3.2099056786051441E18
11 5.0 7.5 496 0 3.4359966115987323E18
0 5.0 8.0 550 0 8.7602872621080617E18
1 5.0 8.0 529 0 7.2239584314275727E18
2 5.0 8.0 544 0 5.0785809329912023E18
3 5.0 8.0 493 0 8.4437367065991148E18
4 5.0 8.0 520 0 9.416753368789289E17
5 5.0 8.0 547 0 6.8717326610107884E18
6 5.0 8.0 529 0 5.14558307949696E18
7 5.0 8.0 508 0 3.4007465380828006E18
8 5.0 8.0 535 0 8.6133827514630738E18
9 5.0 8.0 517 0 1.35074102350782259E18
10 5.0 8.0 487 0 3.2099056786051441E18
11 5.0 8.0 505 0 3.4359966115987323E18
0 5.0 8.5 547 0 8.7602872621080617E18
1 5.0 8.5 514 0 7.2239584314275727E18
2 5.0 8.5 541 0 5.0785809329912023E18
3 5.0 8.5 502 0 8.4437367065991148E18
4 5.0 8.5 502 0 9.416753368789289E17
5 5.0 8.5 520 0 6.8717326610107884E18
6 5.0 8.5 517 0 5.14558307949696E18
7 5.0 8.5 523 0 3.4007465380828006E18
8 5.0 8.5 562 0 8.6133827514630738E18
9 5.0 8.5 508 0 1.35074102350782259E18
10 5.0 8.5 517 0 3.2099056786051441E18
11 5.0 8.5 505 0 3.4359966115987323E18
0 5.0 9.0 538 0 8.7602872621080617E18
1 5.0 9.0 526 0 7.2239584314275727E18
2 5.0 9.0 547 0 5.0785809329912023E18
3 5.0 9.0 511 0 8.4437367065991148E18
4 5.0 9.0 508 0 9.416753368789289E17
5 5.0 9.0 532 0 6.8717326610107884E18
6 5.0 9.0 502 0 5.14558307949696E18
7 5.0 9.0 529 0 3.4007465380828006E18
8 5.0 9.0 565 0 8.6133827514630738E18
9 5.0 9.0 502 0 1.35074102350782259E18
10 5.0 9.0 496 0 3.2099056786051441E18
11 5.0 9.0 478 0 3.4359966115987323E18
0 5.0 9.5 562 0 8.7602872621080617E18
1 5.0 9.5 526 0 7.2239584314275727E18
2 5.0 9.5 559 0 5.0785809329912023E18
3 5.0 9.5 484 0 8.4437367065991148E18
4 5.0 9.5 511 0 9.416753368789289E17
5 5.0 9.5 511 0 6.8717326610107884E18
6 5.0 9.5 508 0 5.14558307949696E18
7 5.0 9.5 532 0 3.4007465380828006E18
8 5.0 9.5 559 0 8.6133827514630738E18
9 5.0 9.5 499 0 1.35074102350782259E18
10 5.0 9.5 493 0 3.2099056786051441E18
11 5.0 9.5 490 0 3.4359966115987323E18
0 5.0 10.0 547 0 8.7602872621080617E18
1 5.0 10.0 526 0 7.2239584314275727E18
2 5.0 10.0 544 0 5.0785809329912023E18
3 5.0 10.0 484 0 8.4437367065991148E18
4 5.0 10.0 505 0 9.416753368789289E17
5 5.0 10.0 526 0 6.8717326610107884E18
6 5.0 10.0 517 0 5.14558307949696E18
7 5.0 10.0 520 0 3.4007465380828006E18
8 5.0 10.0 541 0 8.6133827514630738E18
9 5.0 10.0 505 0 1.35074102350782259E18
10 5.0 10.0 484 0 3.2099056786051441E18
11 5.0 10.0 505 0 3.4359966115987323E18
0 5.5 6.5 562 0 8.7602872621080617E18
1 5.5 6.5 514 0 7.2239584314275727E18
2 5.5 6.5 538 0 5.0785809329912023E18
3 5.5 6.5 502 0 8.4437367065991148E18
4 5.5 6.5 514 0 9.416753368789289E17
5 5.5 6.5 538 0 6.8717326610107884E18
6 5.5 6.5 511 0 5.14558307949696E18
7 5.5 6.5 541 0 3.4007465380828006E18
8 5.5 6.5 544 0 8.6133827514630738E18
9 5.5 6.5 511 0 1.35074102350782259E18
10 5.5 6.5 493 0 3.2099056786051441E18
11 5.5 6.5 505 0 3.4359966115987323E18
0 5.5 7.0 550 0 8.7602872621080617E18
1 5.5 7.0 544 0 7.2239584314275727E18
2 5.5 7.0 541 0 5.0785809329912023E18
3 5.5 7.0 514 0 8.4437367065991148E18
4 5.5 7.0 520 0 9.416753368789289E17
5 5.5 7.0 541 0 6.8717326610107884E18
6 5.5 7.0 514 0 5.14558307949696E18
7 5.5 7.0 574 0 3.4007465380828006E18
8 5.5 7.0 574 0 8.6133827514630738E18
9 5.5 7.0 562 0 1.35074102350782259E18
10 5.5 7.0 508 0 3.2099056786051441E18
11 5.5 7.0 514 0 3.4359966115987323E18
0 5.5 7.5 574 0 8.7602872621080617E18
1 5.5 7.5 538 0 7.2239584314275727E18
2 5.5 7.5 541 0 5.0785809329912023E18
3 5.5 7.5 505 0 8.4437367065991148E18
4 5.5 7.5 523 0 9.416753368789289E17
5 5.5 7.5 529 0 6.8717326610107884E18
6 5.5 7.5 496 0 5.14558307949696E18
7 5.5 7.5 529 0 3.4007465380828006E18
8 5.5 7.5 562 0 8.6133827514630738E18
9 5.5 7.5 526 0 1.35074102350782259E18
10 5.5 7.5 502 0 3.2099056786051441E18
11 5.5 7.5 490 0 3.4359966115987323E18
0 5.5 8.0 568 0 8.7602872621080617E18
1 5.5 8.0 520 0 7.2239584314275727E18
2 5.5 8.0 538 0 5.0785809329912023E18
3 5.5 8.0 511 0 8.4437367065991148E18
4 5.5 8.0 511 0 9.416753368789289E17
5 5.5 8.0 532 0 6.8717326610107884E18
6 5.5 8.0 532 0 5.14558307949696E18
7 5.5 8.0 538 0 3.4007465380828006E18
8 5.5 8.0 553 0 8.6133827514630738E18
9 5.5 8.0 508 0 1.35074102350782259E18
10 5.5 8.0 502 0 3.2099056786051441E18
11 5.5 8.0 508 0 3.4359966115987323E18
0 5.5 8.5 559 0 8.7602872621080617E18
1 5.5 8.5 514 0 7.2239584314275727E18
2 5.5 8.5 553 0 5.0785809329912023E18
3 5.5 8.5 496 0 8.4437367065991148E18
4 5.5 8.5 520 0 9.416753368789289E17
5 5.5 8.5 523 0 6.8717326610107884E18
6 5.5 8.5 514 0 5.14558307949696E18
7 5.5 8.5 511 0 3.4007465380828006E18
8 5.5 8.5 556 0 8.6133827514630738E18
9 5.5 8.5 514 0 1.35074102350782259E18
10 5.5 8.5 490 0 3.2099056786051441E18
11 5.5 8.5 496 0 3.4359966115987323E18
0 5.5 9.0 556 0 8.7602872621080617E18
1 5.5 9.0 523 0 7.2239584314275727E18
2 5.5 9.0 541 0 5.0785809329912023E18
3 5.5 9.0 520 0 8.4437367065991148E18
4 5.5 9.0 499 0 9.416753368789289E17
5 5.5 9.0 529 0 6.8717326610107884E18
6 5.5 9.0 520 0 5.14558307949696E18
7 5.5 9.0 517 0 3.4007465380828006E18
8 5.5 9.0 562 0 8.6133827514630738E18
9 5.5 9.0 520 0 1.35074102350782259E18
10 5.5 9.0 502 0 3.2099056786051441E18
11 5.5 9.0 502 0 3.4359966115987323E18
0 5.5 9.5 559 0 8.7602872621080617E18
1 5.5 9.5 517 0 7.2239584314275727E18
2 5.5 9.5 535 0 5.0785809329912023E18
3 5.5 9.5 493 0 8.4437367065991148E18
4 5.5 9.5 499 0 9.416753368789289E17
5 5.5 9.5 526 0 6.8717326610107884E18
6 5.5 9.5 505 0 5.14558307949696E18
7 5.5 9.5 526 0 3.4007465380828006E18
8 5.5 9.5 544 0 8.6133827514630738E18
9 5.5 9.5 526 0 1.35074102350782259E18
10 5.5 9.5 490 0 3.2099056786051441E18
11 5.5 9.5 499 0 3.4359966115987323E18
0 5.5 10.0 553 0 8.7602872621080617E18
1 5.5 10.0 511 0 7.2239584314275727E18
2 5.5 10.0 541 0 5.0785809329912023E18
3 5.5 10.0 499 0 8.4437367065991148E18
4 5.5 10.0 505 0 9.416753368789289E17
5 5.5 10.0 535 0 6.8717326610107884E18
6 5.5 10.0 481 0 5.14558307949696E18
7 5.5 10.0 493 0 3.4007465380828006E18
8 5.5 10.0 565 0 8.6133827514630738E18
9 5.5 10.0 499 0 1.35074102350782259E18
10 5.5 10.0 508 0 3.2099056786051441E18
11 5.5 10.0 499 0 3.4359966115987323E18
0 6.0 6.5 577 0 8.7602872621080617E18
1 6.0 6.5 532 0 7.2239584314275727E18
2 6.0 6.5 544 0 5.0785809329912023E18
3 6.0 6.5 508 0 8.4437367065991148E18
4 6.0 6.5 520 0 9.416753368789289E17
5 6.0 6.5 526 0 6.8717326610107884E18
6 6.0 6.5 529 0 5.14558307949696E18
7 6.0 6.5 526 0 3.4007465380828006E18
8 6.0 6.5 553 0 8.6133827514630738E18
9 6.0 6.5 514 0 1.35074102350782259E18
10 6.0 6.5 526 0 3.2099056786051441E18
11 6.0 6.5 511 0 3.4359966115987323E18
0 6.0 7.0 568 0 8.7602872621080617E18
1 6.0 7.0 541 0 7.2239584314275727E18
2 6.0 7.0 532 0 5.0785809329912023E18
3 6.0 7.0 517 0 8.4437367065991148E18
4 6.0 7.0 523 0 9.416753368789289E17
5 6.0 7.0 544 0 6.8717326610107884E18
6 6.0 7.0 523 0 5.14558307949696E18
7 6.0 7.0 547 0 3.4007465380828006E18
8 6.0 7.0 556 0 8.6133827514630738E18
9 6.0 7.0 547 0 1.35074102350782259E18
10 6.0 7.0 493 0 3.2099056786051441E18
11 6.0 7.0 517 0 3.4359966115987323E18
0 6.0 7.5 574 0 8.7602872621080617E18
1 6.0 7.5 532 0 7.2239584314275727E18
2 6.0 7.5 556 0 5.0785809329912023E18
3 6.0 7.5 511 0 8.4437367065991148E18
4 6.0 7.5 538 0 9.416753368789289E17
5 6.0 7.5 535 0 6.8717326610107884E18
6 6.0 7.5 532 0 5.14558307949696E18
7 6.0 7.5 541 0 3.4007465380828006E18
8 6.0 7.5 559 0 8.6133827514630738E18
9 6.0 7.5 517 0 1.35074102350782259E18
10 6.0 7.5 523 0 3.2099056786051441E18
11 6.0 7.5 490 0 3.4359966115987323E18
0 6.0 8.0 559 0 8.7602872621080617E18
1 6.0 8.0 517 0 7.2239584314275727E18
2 6.0 8.0 526 0 5.0785809329912023E18
3 6.0 8.0 496 0 8.4437367065991148E18
4 6.0 8.0 502 0 9.416753368789289E17
5 6.0 8.0 529 0 6.8717326610107884E18
6 6.0 8.0 532 0 5.14558307949696E18
7 6.0 8.0 529 0 3.4007465380828006E18
8 6.0 8.0 547 0 8.6133827514630738E18
9 6.0 8.0 523 0 1.35074102350782259E18
10 6.0 8.0 499 0 3.2099056786051441E18
11 6.0 8.0 493 0 3.4359966115987323E18
0 6.0 8.5 562 0 8.7602872621080617E18
1 6.0 8.5 505 0 7.2239584314275727E18
2 6.0 8.5 565 0 5.0785809329912023E18
3 6.0 8.5 484 0 8.4437367065991148E18
4 6.0 8.5 511 0 9.416753368789289E17
5 6.0 8.5 523 0 6.8717326610107884E18
6 6.0 8.5 520 0 5.14558307949696E18
7 6.0 8.5 532 0 3.4007465380828006E18
8 6.0 8.5 556 0 8.6133827514630738E18
9 6.0 8.5 523 0 1.35074102350782259E18
10 6.0 8.5 511 0 3.2099056786051441E18
11 6.0 8.5 493 0 3.4359966115987323E18
0 6.0 9.0 556 0 8.7602872621080617E18
1 6.0 9.0 517 0 7.2239584314275727E18
2 6.0 9.0 541 0 5.0785809329912023E18
3 6.0 9.0 502 0 8.4437367065991148E18
4 6.0 9.0 505 0 9.416753368789289E17
5 6.0 9.0 514 0 6.8717326610107884E18
6 6.0 9.0 505 0 5.14558307949696E18
7 6.0 9.0 523 0 3.4007465380828006E18
8 6.0 9.0 547 0 8.6133827514630738E18
9 6.0 9.0 508 0 1.35074102350782259E18
10 6.0 9.0 484 0 3.2099056786051441E18
11 6.0 9.0 493 0 3.4359966115987323E18
0 6.0 9.5 532 0 8.7602872621080617E18
1 6.0 9.5 523 0 7.2239584314275727E18
2 6.0 9.5 541 0 5.0785809329912023E18
3 6.0 9.5 478 0 8.4437367065991148E18
4 6.0 9.5 505 0 9.416753368789289E17
5 6.0 9.5 532 0 6.8717326610107884E18
6 6.0 9.5 511 0 5.14558307949696E18
7 6.0 9.5 520 0 3.4007465380828006E18
8 6.0 9.5 559 0 8.6133827514630738E18
9 6.0 9.5 514 0 1.35074102350782259E18
10 6.0 9.5 505 0 3.2099056786051441E18
11 6.0 9.5 508 0 3.4359966115987323E18
0 6.0 10.0 547 0 8.7602872621080617E18
1 6.0 10.0 529 0 7.2239584314275727E18
2 6.0 10.0 550 0 5.0785809329912023E18
3 6.0 10.0 490 0 8.4437367065991148E18
4 6.0 10.0 505 0 9.416753368789289E17
5 6.0 10.0 535 0 6.8717326610107884E18
6 6.0 10.0 505 0 5.14558307949696E18
7 6.0 10.0 508 0 3.4007465380828006E18
8 6.0 10.0 550 0 8.6133827514630738E18
9 6.0 10.0 514 0 1.35074102350782259E18
10 6.0 10.0 478 0 3.2099056786051441E18
11 6.0 10.0 496 0 3.4359966115987323E18
0 6.5 6.5 574 0 8.7602872621080617E18
1 6.5 6.5 538 0 7.2239584314275727E18
2 6.5 6.5 541 0 5.0785809329912023E18
3 6.5 6.5 520 0 8.4437367065991148E18
4 6.5 6.5 523 0 9.416753368789289E17
5 6.5 6.5 550 0 6.8717326610107884E18
6 6.5 6.5 517 0 5.14558307949696E18
7 6.5 6.5 547 0 3.4007465380828006E18
8 6.5 6.5 568 0 8.6133827514630738E18
9 6.5 6.5 526 0 1.35074102350782259E18
10 6.5 6.5 502 0 3.2099056786051441E18
11 6.5 6.5 502 0 3.4359966115987323E18
0 6.5 7.0 556 0 8.7602872621080617E18
1 6.5 7.0 535 0 7.2239584314275727E18
2 6.5 7.0 538 0 5.0785809329912023E18
3 6.5 7.0 520 0 8.4437367065991148E18
4 6.5 7.0 532 0 9.416753368789289E17
5 6.5 7.0 529 0 6.8717326610107884E18
6 6.5 7.0 520 0 5.14558307949696E18
7 6.5 7.0 550 0 3.4007465380828006E18
8 6.5 7.0 556 0 8.6133827514630738E18
9 6.5 7.0 535 0 1.35074102350782259E18
10 6.5 7.0 493 0 3.2099056786051441E18
11 6.5 7.0 523 0 3.4359966115987323E18
0 6.5 7.5 580 0 8.7602872621080617E18
1 6.5 7.5 526 0 7.2239584314275727E18
2 6.5 7.5 520 0 5.0785809329912023E18
3 6.5 7.5 511 0 8.4437367065991148E18
4 6.5 7.5 511 0 9.416753368789289E17
5 6.5 7.5 535 0 6.8717326610107884E18
6 6.5 7.5 508 0 5.14558307949696E18
7 6.5 7.5 532 0 3.4007465380828006E18
8 6.5 7.5 556 0 8.6133827514630738E18
9 6.5 7.5 520 0 1.35074102350782259E18
10 6.5 7.5 520 0 3.2099056786051441E18
11 6.5 7.5 487 0 3.4359966115987323E18
0 6.5 8.0 574 0 8.7602872621080617E18
1 6.5 8.0 517 0 7.2239584314275727E18
2 6.5 8.0 511 0 5.0785809329912023E18
3 6.5 8.0 496 0 8.4437367065991148E18
4 6.5 8.0 523 0 9.416753368789289E17
5 6.5 8.0 541 0 6.8717326610107884E18
6 6.5 8.0 538 0 5.14558307949696E18
7 6.5 8.0 523 0 3.4007465380828006E18
8 6.5 8.0 544 0 8.6133827514630738E18
9 6.5 8.0 517 0 1.35074102350782259E18
10 6.5 8.0 487 0 3.2099056786051441E18
11 6.5 8.0 499 0 3.4359966115987323E18
0 6.5 8.5 556 0 8.7602872621080617E18
1 6.5 8.5 529 0 7.2239584314275727E18
2 6.5 8.5 562 0 5.0785809329912023E18
3 6.5 8.5 502 0 8.4437367065991148E18
4 6.5 8.5 520 0 9.416753368789289E17
5 6.5 8.5 508 0 6.8717326610107884E18
6 6.5 8.5 532 0 5.14558307949696E18
7 6.5 8.5 532 0 3.4007465380828006E18
8 6.5 8.5 556 0 8.6133827514630738E18
9 6.5 8.5 523 0 1.35074102350782259E18
10 6.5 8.5 502 0 3.2099056786051441E18
11 6.5 8.5 490 0 3.4359966115987323E18
0 6.5 9.0 550 0 8.7602872621080617E18
1 6.5 9.0 541 0 7.2239584314275727E18
2 6.5 9.0 541 0 5.0785809329912023E18
3 6.5 9.0 505 0 8.4437367065991148E18
4 6.5 9.0 511 0 9.416753368789289E17
5 6.5 9.0 511 0 6.8717326610107884E18
6 6.5 9.0 532 0 5.14558307949696E18
7 6.5 9.0 538 0 3.4007465380828006E18
8 6.5 9.0 574 0 8.6133827514630738E18
9 6.5 9.0 532 0 1.35074102350782259E18
10 6.5 9.0 487 0 3.2099056786051441E18
11 6.5 9.0 496 0 3.4359966115987323E18
0 6.5 9.5 559 0 8.7602872621080617E18
1 6.5 9.5 532 0 7.2239584314275727E18
2 6.5 9.5 535 0 5.0785809329912023E18
3 6.5 9.5 496 0 8.4437367065991148E18
4 6.5 9.5 505 0 9.416753368789289E17
5 6.5 9.5 544 0 6.8717326610107884E18
6 6.5 9.5 508 0 5.14558307949696E18
7 6.5 9.5 517 0 3.4007465380828006E18
8 6.5 9.5 562 0 8.6133827514630738E18
9 6.5 9.5 514 0 1.35074102350782259E18
10 6.5 9.5 493 0 3.2099056786051441E18
11 6.5 9.5 505 0 3.4359966115987323E18
0 6.5 10.0 559 0 8.7602872621080617E18
1 6.5 10.0 526 0 7.2239584314275727E18
2 6.5 10.0 550 0 5.0785809329912023E18
3 6.5 10.0 481 0 8.4437367065991148E18
4 6.5 10.0 514 0 9.416753368789289E17
5 6.5 10.0 529 0 6.8717326610107884E18
6 6.5 10.0 499 0 5.14558307949696E18
7 6.5 10.0 520 0 3.4007465380828006E18
8 6.5 10.0 538 0 8.6133827514630738E18
9 6.5 10.0 505 0 1.35074102350782259E18
10 6.5 10.0 502 0 3.2099056786051441E18
11 6.5 10.0 502 0 3.4359966115987323E18
0 7.0 6.5 592 0 8.7602872621080617E18
1 7.0 6.5 544 0 7.2239584314275727E18
2 7.0 6.5 547 0 5.0785809329912023E18
3 7.0 6.5 517 0 8.4437367065991148E18
4 7.0 6.5 517 0 9.416753368789289E17
5 7.0 6.5 550 0 6.8717326610107884E18
6 7.0 6.5 526 0 5.14558307949696E18
7 7.0 6.5 556 0 3.4007465380828006E18
8 7.0 6.5 562 0 8.6133827514630738E18
9 7.0 6.5 520 0 1.35074102350782259E18
10 7.0 6.5 514 0 3.2099056786051441E18
11 7.0 6.5 508 0 3.4359966115987323E18
0 7.0 7.0 562 0 8.7602872621080617E18
1 7.0 7.0 526 0 7.2239584314275727E18
2 7.0 7.0 547 0 5.0785809329912023E18
3 7.0 7.0 511 0 8.4437367065991148E18
4 7.0 7.0 544 0 9.416753368789289E17
5 7.0 7.0 529 0 6.8717326610107884E18
6 7.0 7.0 523 0 5.14558307949696E18
7 7.0 7.0 538 0 3.4007465380828006E18
8 7.0 7.0 544 0 8.6133827514630738E18
9 7.0 7.0 526 0 1.35074102350782259E18
10 7.0 7.0 496 0 3.2099056786051441E18
11 7.0 7.0 517 0 3.4359966115987323E18
0 7.0 7.5 568 0 8.7602872621080617E18
1 7.0 7.5 541 0 7.2239584314275727E18
2 7.0 7.5 541 0 5.0785809329912023E18
3 7.0 7.5 514 0 8.4437367065991148E18
4 7.0 7.5 526 0 9.416753368789289E17
5 7.0 7.5 538 0 6.8717326610107884E18
6 7.0 7.5 520 0 5.14558307949696E18
7 7.0 7.5 526 0 3.4007465380828006E18
8 7.0 7.5 574 0 8.6133827514630738E18
9 7.0 7.5 517 0 1.35074102350782259E18
10 7.0 7.5 520 0 3.2099056786051441E18
11 7.0 7.5 502 0 3.4359966115987323E18
0 7.0 8.0 571 0 8.7602872621080617E18
1 7.0 8.0 529 0 7.2239584314275727E18
2 7.0 8.0 520 0 5.0785809329912023E18
3 7.0 8.0 505 0 8.4437367065991148E18
4 7.0 8.0 511 0 9.416753368789289E17
5 7.0 8.0 511 0 6.8717326610107884E18
6 7.0 8.0 523 0 5.14558307949696E18
7 7.0 8.0 547 0 3.4007465380828006E18
8 7.0 8.0 568 0 8.6133827514630738E18
9 7.0 8.0 523 0 1.35074102350782259E18
10 7.0 8.0 484 0 3.2099056786051441E18
11 7.0 8.0 508 0 3.4359966115987323E18
0 7.0 8.5 577 0 8.7602872621080617E18
1 7.0 8.5 532 0 7.2239584314275727E18
2 7.0 8.5 562 0 5.0785809329912023E18
3 7.0 8.5 514 0 8.4437367065991148E18
4 7.0 8.5 538 0 9.416753368789289E17
5 7.0 8.5 523 0 6.8717326610107884E18
6 7.0 8.5 529 0 5.14558307949696E18
7 7.0 8.5 529 0 3.4007465380828006E18
8 7.0 8.5 556 0 8.6133827514630738E18
9 7.0 8.5 529 0 1.35074102350782259E18
10 7.0 8.5 511 0 3.2099056786051441E18
11 7.0 8.5 496 0 3.4359966115987323E18
0 7.0 9.0 559 0 8.7602872621080617E18
1 7.0 9.0 514 0 7.2239584314275727E18
2 7.0 9.0 562 0 5.0785809329912023E18
3 7.0 9.0 505 0 8.4437367065991148E18
4 7.0 9.0 514 0 9.416753368789289E17
5 7.0 9.0 520 0 6.8717326610107884E18
6 7.0 9.0 529 0 5.14558307949696E18
7 7.0 9.0 544 0 3.4007465380828006E18
8 7.0 9.0 571 0 8.6133827514630738E18
9 7.0 9.0 520 0 1.35074102350782259E18
10 7.0 9.0 487 0 3.2099056786051441E18
11 7.0 9.0 508 0 3.4359966115987323E18
0 7.0 9.5 538 0 8.7602872621080617E18
1 7.0 9.5 517 0 7.2239584314275727E18
2 7.0 9.5 541 0 5.0785809329912023E18
3 7.0 9.5 499 0 8.4437367065991148E18
4 7.0 9.5 508 0 9.416753368789289E17
5 7.0 9.5 535 0 6.8717326610107884E18
6 7.0 9.5 514 0 5.14558307949696E18
7 7.0 9.5 514 0 3.4007465380828006E18
8 7.0 9.5 547 0 8.6133827514630738E18
9 7.0 9.5 544 0 1.35074102350782259E18
10 7.0 9.5 493 0 3.2099056786051441E18
11 7.0 9.5 508 0 3.4359966115987323E18
0 7.0 10.0 553 0 8.7602872621080617E18
1 7.0 10.0 517 0 7.2239584314275727E18
2 7.0 10.0 550 0 5.0785809329912023E18
3 7.0 10.0 490 0 8.4437367065991148E18
4 7.0 10.0 520 0 9.416753368789289E17
5 7.0 10.0 544 0 6.8717326610107884E18
6 7.0 10.0 508 0 5.14558307949696E18
7 7.0 10.0 517 0 3.4007465380828006E18
8 7.0 10.0 568 0 8.6133827514630738E18
9 7.0 10.0 520 0 1.35074102350782259E18
10 7.0 10.0 478 0 3.2099056786051441E18
11 7.0 10.0 508 0 3.4359966115987323E18
0 7.5 6.5 589 0 8.7602872621080617E18
1 7.5 6.5 538 0 7.2239584314275727E18
2 7.5 6.5 538 0 5.0785809329912023E18
3 7.5 6.5 529 0 8.4437367065991148E18
4 7.5 6.5 523 0 9.416753368789289E17
5 7.5 6.5 553 0 6.8717326610107884E18
6 7.5 6.5 505 0 5.14558307949696E18
7 7.5 6.5 553 0 3.4007465380828006E18
8 7.5 6.5 553 0 8.6133827514630738E18
9 7.5 6.5 538 0 1.35074102350782259E18
10 7.5 6.5 493 0 3.2099056786051441E18
11 7.5 6.5 526 0 3.4359966115987323E18
0 7.5 7.0 559 0 8.7602872621080617E18
1 7.5 7.0 523 0 7.2239584314275727E18
2 7.5 7.0 550 0 5.0785809329912023E18
3 7.5 7.0 523 0 8.4437367065991148E18
4 7.5 7.0 523 0 9.416753368789289E17
5 7.5 7.0 529 0 6.8717326610107884E18
6 7.5 7.0 529 0 5.14558307949696E18
7 7.5 7.0 550 0 3.4007465380828006E18
8 7.5 7.0 550 0 8.6133827514630738E18
9 7.5 7.0 538 0 1.35074102350782259E18
10 7.5 7.0 508 0 3.2099056786051441E18
11 7.5 7.0 523 0 3.4359966115987323E18
0 7.5 7.5 568 0 8.7602872621080617E18
1 7.5 7.5 526 0 7.2239584314275727E18
2 7.5 7.5 538 0 5.0785809329912023E18
3 7.5 7.5 496 0 8.4437367065991148E18
4 7.5 7.5 523 0 9.416753368789289E17
5 7.5 7.5 553 0 6.8717326610107884E18
6 7.5 7.5 520 0 5.14558307949696E18
7 7.5 7.5 538 0 3.4007465380828006E18
8 7.5 7.5 562 0 8.6133827514630738E18
9 7.5 7.5 532 0 1.35074102350782259E18
10 7.5 7.5 493 0 3.2099056786051441E18
11 7.5 7.5 508 0 3.4359966115987323E18
0 7.5 8.0 565 0 8.7602872621080617E18
1 7.5 8.0 526 0 7.2239584314275727E18
2 7.5 8.0 526 0 5.0785809329912023E18
3 7.5 8.0 505 0 8.4437367065991148E18
4 7.5 8.0 514 0 9.416753368789289E17
5 7.5 8.0 529 0 6.8717326610107884E18
6 7.5 8.0 523 0 5.14558307949696E18
7 7.5 8.0 550 0 3.4007465380828006E18
8 7.5 8.0 538 0 8.6133827514630738E18
9 7.5 8.0 529 0 1.35074102350782259E18
10 7.5 8.0 472 0 3.2099056786051441E18
11 7.5 8.0 514 0 3.4359966115987323E18
0 7.5 8.5 550 0 8.7602872621080617E18
1 7.5 8.5 523 0 7.2239584314275727E18
2 7.5 8.5 553 0 5.0785809329912023E18
3 7.5 8.5 505 0 8.4437367065991148E18
4 7.5 8.5 523 0 9.416753368789289E17
5 7.5 8.5 508 0 6.8717326610107884E18
6 7.5 8.5 535 0 5.14558307949696E18
7 7.5 8.5 532 0 3.4007465380828006E18
8 7.5 8.5 565 0 8.6133827514630738E18
9 7.5 8.5 520 0 1.35074102350782259E18
10 7.5 8.5 505 0 3.2099056786051441E18
11 7.5 8.5 499 0 3.4359966115987323E18
0 7.5 9.0 571 0 8.7602872621080617E18
1 7.5 9.0 511 0 7.2239584314275727E18
2 7.5 9.0 559 0 5.0785809329912023E18
3 7.5 9.0 490 0 8.4437367065991148E18
4 7.5 9.0 511 0 9.416753368789289E17
5 7.5 9.0 544 0 6.8717326610107884E18
6 7.5 9.0 523 0 5.14558307949696E18
7 7.5 9.0 514 0 3.4007465380828006E18
8 7.5 9.0 559 0 8.6133827514630738E18
9 7.5 9.0 520 0 1.35074102350782259E18
10 7.5 9.0 505 0 3.2099056786051441E18
11 7.5 9.0 502 0 3.4359966115987323E18
0 7.5 9.5 529 0 8.7602872621080617E18
1 7.5 9.5 514 0 7.2239584314275727E18
2 7.5 9.5 529 0 5.0785809329912023E18
3 7.5 9.5 478 0 8.4437367065991148E18
4 7.5 9.5 508 0 9.416753368789289E17
5 7.5 9.5 523 0 6.8717326610107884E18
6 7.5 9.5 505 0 5.14558307949696E18
7 7.5 9.5 541 0 3.4007465380828006E18
8 7.5 9.5 550 0 8.6133827514630738E18
9 7.5 9.5 526 0 1.35074102350782259E18
10 7.5 9.5 490 0 3.2099056786051441E18
11 7.5 9.5 505 0 3.4359966115987323E18
0 7.5 10.0 547 0 8.7602872621080617E18
1 7.5 10.0 505 0 7.2239584314275727E18
2 7.5 10.0 538 0 5.0785809329912023E18
3 7.5 10.0 487 0 8.4437367065991148E18
4 7.5 10.0 517 0 9.416753368789289E17
5 7.5 10.0 511 0 6.8717326610107884E18
6 7.5 10.0 508 0 5.14558307949696E18
7 7.5 10.0 520 0 3.4007465380828006E18
8 7.5 10.0 553 0 8.6133827514630738E18
9 7.5 10.0 532 0 1.35074102350782259E18
10 7.5 10.0 487 0 3.2099056786051441E18
11 7.5 10.0 493 0 3.4359966115987323E18
0 8.0 6.5 574 0 8.7602872621080617E18
1 8.0 6.5 541 0 7.2239584314275727E18
2 8.0 6.5 526 0 5.0785809329912023E18
3 8.0 6.5 517 0 8.4437367065991148E18
4 8.0 6.5 538 0 9.416753368789289E17
5 8.0 6.5 526 0 6.8717326610107884E18
6 8.0 6.5 538 0 5.14558307949696E18
7 8.0 6.5 538 0 3.4007465380828006E18
8 8.0 6.5 535 0 8.6133827514630738E18
9 8.0 6.5 517 0 1.35074102350782259E18
10 8.0 6.5 496 0 3.2099056786051441E18
11 8.0 6.5 511 0 3.4359966115987323E18
0 8.0 7.0 574 0 8.7602872621080617E18
1 8.0 7.0 517 0 7.2239584314275727E18
2 8.0 7.0 559 0 5.0785809329912023E18
3 8.0 7.0 529 0 8.4437367065991148E18
4 8.0 7.0 547 0 9.416753368789289E17
5 8.0 7.0 550 0 6.8717326610107884E18
6 8.0 7.0 529 0 5.14558307949696E18
7 8.0 7.0 550 0 3.4007465380828006E18
8 8.0 7.0 541 0 8.6133827514630738E18
9 8.0 7.0 541 0 1.35074102350782259E18
10 8.0 7.0 505 0 3.2099056786051441E18
11 8.0 7.0 511 0 3.4359966115987323E18
0 8.0 7.5 574 0 8.7602872621080617E18
1 8.0 7.5 529 0 7.2239584314275727E18
2 8.0 7.5 574 0 5.0785809329912023E18
3 8.0 7.5 502 0 8.4437367065991148E18
4 8.0 7.5 505 0 9.416753368789289E17
5 8.0 7.5 535 0 6.8717326610107884E18
6 8.0 7.5 532 0 5.14558307949696E18
7 8.0 7.5 541 0 3.4007465380828006E18
8 8.0 7.5 571 0 8.6133827514630738E18
9 8.0 7.5 520 0 1.35074102350782259E18
10 8.0 7.5 487 0 3.2099056786051441E18
11 8.0 7.5 499 0 3.4359966115987323E18
0 8.0 8.0 571 0 8.7602872621080617E18
1 8.0 8.0 520 0 7.2239584314275727E18
2 8.0 8.0 532 0 5.0785809329912023E18
3 8.0 8.0 514 0 8.4437367065991148E18
4 8.0 8.0 514 0 9.416753368789289E17
5 8.0 8.0 526 0 6.8717326610107884E18
6 8.0 8.0 538 0 5.14558307949696E18
7 8.0 8.0 544 0 3.4007465380828006E18
8 8.0 8.0 559 0 8.6133827514630738E18
9 8.0 8.0 532 0 1.35074102350782259E18
10 8.0 8.0 490 0 3.2099056786051441E18
11 8.0 8.0 493 0 3.4359966115987323E18
0 8.0 8.5 559 0 8.7602872621080617E18
1 8.0 8.5 514 0 7.2239584314275727E18
2 8.0 8.5 574 0 5.0785809329912023E18
3 8.0 8.5 514 0 8.4437367065991148E18
4 8.0 8.5 511 0 9.416753368789289E17
5 8.0 8.5 544 0 6.8717326610107884E18
6 8.0 8.5 526 0 5.14558307949696E18
7 8.0 8.5 532 0 3.4007465380828006E18
8 8.0 8.5 544 0 8.6133827514630738E18
9 8.0 8.5 538 0 1.35074102350782259E18
10 8.0 8.5 520 0 3.2099056786051441E18
11 8.0 8.5 508 0 3.4359966115987323E18
0 8.0 9.0 553 0 8.7602872621080617E18
1 8.0 9.0 514 0 7.2239584314275727E18
2 8.0 9.0 556 0 5.0785809329912023E18
3 8.0 9.0 514 0 8.4437367065991148E18
4 8.0 9.0 505 0 9.416753368789289E17
5 8.0 9.0 547 0 6.8717326610107884E18
6 8.0 9.0 529 0 5.14558307949696E18
7 8.0 9.0 526 0 3.4007465380828006E18
8 8.0 9.0 559 0 8.6133827514630738E18
9 8.0 9.0 523 0 1.35074102350782259E18
10 8.0 9.0 499 0 3.2099056786051441E18
11 8.0 9.0 502 0 3.4359966115987323E18
0 8.0 9.5 547 0 8.7602872621080617E18
1 8.0 9.5 517 0 7.2239584314275727E18
2 8.0 9.5 544 0 5.0785809329912023E18
3 8.0 9.5 499 0 8.4437367065991148E18
4 8.0 9.5 508 0 9.416753368789289E17
5 8.0 9.5 541 0 6.8717326610107884E18
6 8.0 9.5 505 0 5.14558307949696E18
7 8.0 9.5 526 0 3.4007465380828006E18
8 8.0 9.5 550 0 8.6133827514630738E18
9 8.0 9.5 535 0 1.35074102350782259E18
10 8.0 9.5 490 0 3.2099056786051441E18
11 8.0 9.5 496 0 3.4359966115987323E18
0 8.0 10.0 562 0 8.7602872621080617E18
1 8.0 10.0 502 0 7.2239584314275727E18
2 8.0 10.0 538 0 5.0785809329912023E18
3 8.0 10.0 505 0 8.4437367065991148E18
4 8.0 10.0 496 0 9.416753368789289E17
5 8.0 10.0 529 0 6.8717326610107884E18
6 8.0 10.0 526 0 5.14558307949696E18
7 8.0 10.0 523 0 3.4007465380828006E18
8 8.0 10.0 568 0 8.6133827514630738E18
9 8.0 10.0 535 0 1.35074102350782259E18
10 8.0 10.0 499 0 3.2099056786051441E18
11 8.0 10.0 496 0 3.4359966115987323E18
0 8.5 6.5 559 0 8.7602872621080617E18
1 8.5 6.5 535 0 7.2239584314275727E18
2 8.5 6.5 535 0 5.0785809329912023E18
3 8.5 6.5 520 0 8.4437367065991148E18
4 8.5 6.5 508 0 9.416753368789289E17
5 8.5 6.5 559 0 6.8717326610107884E18
6 8.5 6.5 550 0 5.14558307949696E18
7 8.5 6.5 550 0 3.4007465380828006E18
8 8.5 6.5 553 0 8.6133827514630738E18
9 8.5 6.5 505 0 1.35074102350782259E18
10 8.5 6.5 502 0 3.2099056786051441E18
11 8.5 6.5 520 0 3.4359966115987323E18
0 8.5 7.0 553 0 8.7602872621080617E18
1 8.5 7.0 535 0 7.2239584314275727E18
2 8.5 7.0 556 0 5.0785809329912023E18
3 8.5 7.0 526 0 8.4437367065991148E18
4 8.5 7.0 532 0 9.416753368789289E17
5 8.5 7.0 532 0 6.8717326610107884E18
6 8.5 7.0 526 0 5.14558307949696E18
7 8.5 7.0 535 0 3.4007465380828006E18
8 8.5 7.0 541 0 8.6133827514630738E18
9 8.5 7.0 538 0 1.35074102350782259E18
10 8.5 7.0 502 0 3.2099056786051441E18
11 8.5 7.0 526 0 3.4359966115987323E18
0 8.5 7.5 553 0 8.7602872621080617E18
1 8.5 7.5 523 0 7.2239584314275727E18
2 8.5 7.5 520 0 5.0785809329912023E18
3 8.5 7.5 502 0 8.4437367065991148E18
4 8.5 7.5 505 0 9.416753368789289E17
5 8.5 7.5 526 0 6.8717326610107884E18
6 8.5 7.5 544 0 5.14558307949696E18
7 8.5 7.5 541 0 3.4007465380828006E18
8 8.5 7.5 553 0 8.6133827514630738E18
9 8.5 7.5 529 0 1.35074102350782259E18
10 8.5 7.5 493 0 3.2099056786051441E18
11 8.5 7.5 508 0 3.4359966115987323E18
0 8.5 8.0 568 0 8.7602872621080617E18
1 8.5 8.0 517 0 7.2239584314275727E18
2 8.5 8.0 553 0 5.0785809329912023E18
3 8.5 8.0 520 0 8.4437367065991148E18
4 8.5 8.0 505 0 9.416753368789289E17
5 8.5 8.0 553 0 6.8717326610107884E18
6 8.5 8.0 508 0 5.14558307949696E18
7 8.5 8.0 526 0 3.4007465380828006E18
8 8.5 8.0 565 0 8.6133827514630738E18
9 8.5 8.0 526 0 1.35074102350782259E18
10 8.5 8.0 493 0 3.2099056786051441E18
11 8.5 8.0 505 0 3.4359966115987323E18
0 8.5 8.5 559 0 8.7602872621080617E18
1 8.5 8.5 529 0 7.2239584314275727E18
2 8.5 8.5 580 0 5.0785809329912023E18
3 8.5 8.5 526 0 8.4437367065991148E18
4 8.5 8.5 517 0 9.416753368789289E17
5 8.5 8.5 541 0 6.8717326610107884E18
6 8.5 8.5 499 0 5.14558307949696E18
7 8.5 8.5 532 0 3.4007465380828006E18
8 8.5 8.5 544 0 8.6133827514630738E18
9 8.5 8.5 523 0 1.35074102350782259E18
10 8.5 8.5 511 0 3.2099056786051441E18
11 8.5 8.5 511 0 3.4359966115987323E18
0 8.5 9.0 559 0 8.7602872621080617E18
1 8.5 9.0 514 0 7.2239584314275727E18
2 8.5 9.0 559 0 5.0785809329912023E18
3 8.5 9.0 502 0 8.4437367065991148E18
4 8.5 9.0 511 0 9.416753368789289E17
5 8.5 9.0 541 0 6.8717326610107884E18
6 8.5 9.0 529 0 5.14558307949696E18
7 8.5 9.0 514 0 3.4007465380828006E18
8 8.5 9.0 571 0 8.6133827514630738E18
9 8.5 9.0 532 0 1.35074102350782259E18
10 8.5 9.0 502 0 3.2099056786051441E18
11 8.5 9.0 514 0 3.4359966115987323E18
0 8.5 9.5 559 0 8.7602872621080617E18
1 8.5 9.5 502 0 7.2239584314275727E18
2 8.5 9.5 553 0 5.0785809329912023E18
3 8.5 9.5 511 0 8.4437367065991148E18
4 8.5 9.5 511 0 9.416753368789289E17
5 8.5 9.5 526 0 6.8717326610107884E18
6 8.5 9.5 541 0 5.14558307949696E18
7 8.5 9.5 529 0 3.4007465380828006E18
8 8.5 9.5 559 0 8.6133827514630738E18
9 8.5 9.5 511 0 1.35074102350782259E18
10 8.5 9.5 490 0 3.2099056786051441E18
11 8.5 9.5 514 0 3.4359966115987323E18
0 8.5 10.0 553 0 8.7602872621080617E18
1 8.5 10.0 505 0 7.2239584314275727E18
2 8.5 10.0 538 0 5.0785809329912023E18
3 8.5 10.0 493 0 8.4437367065991148E18
4 8.5 10.0 508 0 9.416753368789289E17
5 8.5 10.0 532 0 6.8717326610107884E18
6 8.5 10.0 532 0 5.14558307949696E18
7 8.5 10.0 514 0 3.4007465380828006E18
8 8.5 10.0 565 0 8.6133827514630738E18
9 8.5 10.0 541 0 1.35074102350782259E18
10 8.5 10.0 505 0 3.2099056786051441E18
11 8.5 10.0 514 0 3.4359966115987323E18
0 9.0 6.5 556 0 8.7602872621080617E18
1 9.0 6.5 523 0 7.2239584314275727E18
2 9.0 6.5 571 0 5.0785809329912023E18
3 9.0 6.5 520 0 8.4437367065991148E18
4 9.0 6.5 514 0 9.416753368789289E17
5 9.0 6.5 535 0 6.8717326610107884E18
6 9.0 6.5 511 0 5.14558307949696E18
7 9.0 6.5 538 0 3.4007465380828006E18
8 9.0 6.5 544 0 8.6133827514630738E18
9 9.0 6.5 484 0 1.35074102350782259E18
10 9.0 6.5 496 0 3.2099056786051441E18
11 9.0 6.5 514 0 3.4359966115987323E18
0 9.0 7.0 577 0 8.7602872621080617E18
1 9.0 7.0 517 0 7.2239584314275727E18
2 9.0 7.0 565 0 5.0785809329912023E18
3 9.0 7.0 502 0 8.4437367065991148E18
4 9.0 7.0 517 0 9.416753368789289E17
5 9.0 7.0 529 0 6.8717326610107884E18
6 9.0 7.0 541 0 5.14558307949696E18
7 9.0 7.0 535 0 3.4007465380828006E18
8 9.0 7.0 553 0 8.6133827514630738E18
9 9.0 7.0 511 0 1.35074102350782259E18
10 9.0 7.0 502 0 3.2099056786051441E18
11 9.0 7.0 520 0 3.4359966115987323E18
0 9.0 7.5 565 0 8.7602872621080617E18
1 9.0 7.5 511 0 7.2239584314275727E18
2 9.0 7.5 520 0 5.0785809329912023E18
3 9.0 7.5 499 0 8.4437367065991148E18
4 9.0 7.5 514 0 9.416753368789289E17
5 9.0 7.5 505 0 6.8717326610107884E18
6 9.0 7.5 541 0 5.14558307949696E18
7 9.0 7.5 544 0 3.4007465380828006E18
8 9.0 7.5 583 0 8.6133827514630738E18
9 9.0 7.5 532 0 1.35074102350782259E18
10 9.0 7.5 511 0 3.2099056786051441E18
11 9.0 7.5 514 0 3.4359966115987323E18
0 9.0 8.0 568 0 8.7602872621080617E18
1 9.0 8.0 520 0 7.2239584314275727E18
2 9.0 8.0 535 0 5.0785809329912023E18
3 9.0 8.0 517 0 8.4437367065991148E18
4 9.0 8.0 508 0 9.416753368789289E17
5 9.0 8.0 553 0 6.8717326610107884E18
6 9.0 8.0 535 0 5.14558307949696E18
7 9.0 8.0 553 0 3.4007465380828006E18
8 9.0 8.0 571 0 8.6133827514630738E18
9 9.0 8.0 535 0 1.35074102350782259E18
10 9.0 8.0 496 0 3.2099056786051441E18
11 9.0 8.0 508 0 3.4359966115987323E18
0 9.0 8.5 559 0 8.7602872621080617E18
1 9.0 8.5 520 0 7.2239584314275727E18
2 9.0 8.5 538 0 5.0785809329912023E18
3 9.0 8.5 508 0 8.4437367065991148E18
4 9.0 8.5 511 0 9.416753368789289E17
5 9.0 8.5 526 0 6.8717326610107884E18
6 9.0 8.5 499 0 5.14558307949696E18
7 9.0 8.5 523 0 3.4007465380828006E18
8 9.0 8.5 532 0 8.6133827514630738E18
9 9.0 8.5 532 0 1.35074102350782259E18
10 9.0 8.5 502 0 3.2099056786051441E18
11 9.0 8.5 478 0 3.4359966115987323E18
0 9.0 9.0 544 0 8.7602872621080617E18
1 9.0 9.0 520 0 7.2239584314275727E18
2 9.0 9.0 541 0 5.0785809329912023E18
3 9.0 9.0 496 0 8.4437367065991148E18
4 9.0 9.0 502 0 9.416753368789289E17
5 9.0 9.0 508 0 6.8717326610107884E18
6 9.0 9.0 496 0 5.14558307949696E18
7 9.0 9.0 538 0 3.4007465380828006E18
8 9.0 9.0 565 0 8.6133827514630738E18
9 9.0 9.0 529 0 1.35074102350782259E18
10 9.0 9.0 493 0 3.2099056786051441E18
11 9.0 9.0 499 0 3.4359966115987323E18
0 9.0 9.5 553 0 8.7602872621080617E18
1 9.0 9.5 514 0 7.2239584314275727E18
2 9.0 9.5 547 0 5.0785809329912023E18
3 9.0 9.5 508 0 8.4437367065991148E18
4 9.0 9.5 505 0 9.416753368789289E17
5 9.0 9.5 532 0 6.8717326610107884E18
6 9.0 9.5 541 0 5.14558307949696E18
7 9.0 9.5 520 0 3.4007465380828006E18
8 9.0 9.5 565 0 8.6133827514630738E18
9 9.0 9.5 532 0 1.35074102350782259E18
10 9.0 9.5 478 0 3.2099056786051441E18
11 9.0 9.5 499 0 3.4359966115987323E18
0 9.0 10.0 574 0 8.7602872621080617E18
1 9.0 10.0 523 0 7.2239584314275727E18
2 9.0 10.0 547 0 5.0785809329912023E18
3 9.0 10.0 496 0 8.4437367065991148E18
4 9.0 10.0 502 0 9.416753368789289E17
5 9.0 10.0 511 0 6.8717326610107884E18
6 9.0 10.0 517 0 5.14558307949696E18
7 9.0 10.0 514 0 3.4007465380828006E18
8 9.0 10.0 541 0 8.6133827514630738E18
9 9.0 10.0 523 0 1.35074102350782259E18
10 9.0 10.0 481 0 3.2099056786051441E18
11 9.0 10.0 511 0 3.4359966115987323E18
0 9.5 6.5 565 0 8.7602872621080617E18
1 9.5 6.5 520 0 7.2239584314275727E18
2 9.5 6.5 538 0 5.0785809329912023E18
3 9.5 6.5 505 0 8.4437367065991148E18
4 9.5 6.5 511 0 9.416753368789289E17
5 9.5 6.5 517 0 6.8717326610107884E18
6 9.5 6.5 502 0 5.14558307949696E18
7 9.5 6.5 532 0 3.4007465380828006E18
8 9.5 6.5 538 0 8.6133827514630738E18
9 9.5 6.5 529 0 1.35074102350782259E18
10 9.5 6.5 496 0 3.2099056786051441E18
11 9.5 6.5 529 0 3.4359966115987323E18
0 9.5 7.0 538 0 8.7602872621080617E18
1 9.5 7.0 502 0 7.2239584314275727E18
2 9.5 7.0 538 0 5.0785809329912023E18
3 9.5 7.0 481 0 8.4437367065991148E18
4 9.5 7.0 502 0 9.416753368789289E17
5 9.5 7.0 538 0 6.8717326610107884E18
6 9.5 7.0 526 0 5.14558307949696E18
7 9.5 7.0 532 0 3.4007465380828006E18
8 9.5 7.0 547 0 8.6133827514630738E18
9 9.5 7.0 508 0 1.35074102350782259E18
10 9.5 7.0 490 0 3.2099056786051441E18
11 9.5 7.0 490 0 3.4359966115987323E18
0 9.5 7.5 538 0 8.7602872621080617E18
1 9.5 7.5 505 0 7.2239584314275727E18
2 9.5 7.5 520 0 5.0785809329912023E18
3 9.5 7.5 511 0 8.4437367065991148E18
4 9.5 7.5 508 0 9.416753368789289E17
5 9.5 7.5 529 0 6.8717326610107884E18
6 9.5 7.5 535 0 5.14558307949696E18
7 9.5 7.5 547 0 3.4007465380828006E18
8 9.5 7.5 568 0 8.6133827514630738E18
9 9.5 7.5 532 0 1.35074102350782259E18
10 9.5 7.5 493 0 3.2099056786051441E18
11 9.5 7.5 496 0 3.4359966115987323E18
0 9.5 8.0 568 0 8.7602872621080617E18
1 9.5 8.0 508 0 7.2239584314275727E18
2 9.5 8.0 544 0 5.0785809329912023E18
3 9.5 8.0 517 0 8.4437367065991148E18
4 9.5 8.0 514 0 9.416753368789289E17
5 9.5 8.0 523 0 6.8717326610107884E18
6 9.5 8.0 538 0 5.14558307949696E18
7 9.5 8.0 532 0 3.4007465380828006E18
8 9.5 8.0 541 0 8.6133827514630738E18
9 9.5 8.0 526 0 1.35074102350782259E18
10 9.5 8.0 496 0 3.2099056786051441E18
11 9.5 8.0 490 0 3.4359966115987323E18
0 9.5 8.5 559 0 8.7602872621080617E18
1 9.5 8.5 520 0 7.2239584314275727E18
2 9.5 8.5 541 0 5.0785809329912023E18
3 9.5 8.5 496 0 8.4437367065991148E18
4 9.5 8.5 502 0 9.416753368789289E17
5 9.5 8.5 544 0 6.8717326610107884E18
6 9.5 8.5 529 0 5.14558307949696E18
7 9.5 8.5 526 0 3.4007465380828006E18
8 9.5 8.5 550 0 8.6133827514630738E18
9 9.5 8.5 526 0 1.35074102350782259E18
10 9.5 8.5 490 0 3.2099056786051441E18
11 9.5 8.5 496 0 3.4359966115987323E18
0 9.5 9.0 547 0 8.7602872621080617E18
1 9.5 9.0 511 0 7.2239584314275727E18
2 9.5 9.0 562 0 5.0785809329912023E18
3 9.5 9.0 487 0 8.4437367065991148E18
4 9.5 9.0 502 0 9.416753368789289E17
5 9.5 9.0 514 0 6.8717326610107884E18
6 9.5 9.0 502 0 5.14558307949696E18
7 9.5 9.0 532 0 3.4007465380828006E18
8 9.5 9.0 550 0 8.6133827514630738E18
9 9.5 9.0 529 0 1.35074102350782259E18
10 9.5 9.0 526 0 3.2099056786051441E18
11 9.5 9.0 502 0 3.4359966115987323E18
0 9.5 9.5 547 0 8.7602872621080617E18
1 9.5 9.5 505 0 7.2239584314275727E18
2 9.5 9.5 544 0 5.0785809329912023E18
3 9.5 9.5 490 0 8.4437367065991148E18
4 9.5 9.5 508 0 9.416753368789289E17
5 9.5 9.5 535 0 6.8717326610107884E18
6 9.5 9.5 505 0 5.14558307949696E18
7 9.5 9.5 508 0 3.4007465380828006E18
8 9.5 9.5 541 0 8.6133827514630738E18
9 9.5 9.5 550 0 1.35074102350782259E18
10 9.5 9.5 523 0 3.2099056786051441E18
11 9.5 9.5 511 0 3.4359966115987323E18
0 9.5 10.0 559 0 8.7602872621080617E18
1 9.5 10.0 508 0 7.2239584314275727E18
2 9.5 10.0 538 0 5.0785809329912023E18
3 9.5 10.0 496 0 8.4437367065991148E18
4 9.5 10.0 514 0 9.416753368789289E17
5 9.5 10.0 529 0 6.8717326610107884E18
6 9.5 10.0 514 0 5.14558307949696E18
7 9.5 10.0 517 0 3.4007465380828006E18
8 9.5 10.0 559 0 8.6133827514630738E18
9 9.5 10.0 493 0 1.35074102350782259E18
10 9.5 10.0 493 0 3.2099056786051441E18
11 9.5 10.0 511 0 3.4359966115987323E18
0 10.0 6.5 547 0 8.7602872621080617E18
1 10.0 6.5 502 0 7.2239584314275727E18
2 10.0 6.5 523 0 5.0785809329912023E18
3 10.0 6.5 505 0 8.4437367065991148E18
4 10.0 6.5 505 0 9.416753368789289E17
5 10.0 6.5 499 0 6.8717326610107884E18
6 10.0 6.5 481 0 5.14558307949696E18
7 10.0 6.5 508 0 3.4007465380828006E18
8 10.0 6.5 514 0 8.6133827514630738E18
9 10.0 6.5 478 0 1.35074102350782259E18
10 10.0 6.5 490 0 3.2099056786051441E18
11 10.0 6.5 493 0 3.4359966115987323E18
0 10.0 7.0 529 0 8.7602872621080617E18
1 10.0 7.0 502 0 7.2239584314275727E18
2 10.0 7.0 502 0 5.0785809329912023E18
3 10.0 7.0 508 0 8.4437367065991148E18
4 10.0 7.0 499 0 9.416753368789289E17
5 10.0 7.0 511 0 6.8717326610107884E18
6 10.0 7.0 526 0 5.14558307949696E18
7 10.0 7.0 529 0 3.4007465380828006E18
8 10.0 7.0 517 0 8.6133827514630738E18
9 10.0 7.0 514 0 1.35074102350782259E18
10 10.0 7.0 496 0 3.2099056786051441E18
11 10.0 7.0 481 0 3.4359966115987323E18
0 10.0 7.5 562 0 8.7602872621080617E18
1 10.0 7.5 496 0 7.2239584314275727E18
2 10.0 7.5 493 0 5.0785809329912023E18
3 10.0 7.5 499 0 8.4437367065991148E18
4 10.0 7.5 490 0 9.416753368789289E17
5 10.0 7.5 514 0 6.8717326610107884E18
6 10.0 7.5 499 0 5.14558307949696E18
7 10.0 7.5 523 0 3.4007465380828006E18
8 10.0 7.5 547 0 8.6133827514630738E18
9 10.0 7.5 493 0 1.35074102350782259E18
10 10.0 7.5 496 0 3.2099056786051441E18
11 10.0 7.5 484 0 3.4359966115987323E18
0 10.0 8.0 559 0 8.7602872621080617E18
1 10.0 8.0 499 0 7.2239584314275727E18
2 10.0 8.0 505 0 5.0785809329912023E18
3 10.0 8.0 502 0 8.4437367065991148E18
4 10.0 8.0 490 0 9.416753368789289E17
5 10.0 8.0 538 0 6.8717326610107884E18
6 10.0 8.0 514 0 5.14558307949696E18
7 10.0 8.0 544 0 3.4007465380828006E18
8 10.0 8.0 538 0 8.6133827514630738E18
9 10.0 8.0 520 0 1.35074102350782259E18
10 10.0 8.0 490 0 3.2099056786051441E18
11 10.0 8.0 511 0 3.4359966115987323E18
0 10.0 8.5 538 0 8.7602872621080617E18
1 10.0 8.5 505 0 7.2239584314275727E18
2 10.0 8.5 526 0 5.0785809329912023E18
3 10.0 8.5 493 0 8.4437367065991148E18
4 10.0 8.5 487 0 9.416753368789289E17
5 10.0 8.5 517 0 6.8717326610107884E18
6 10.0 8.5 511 0 5.14558307949696E18
7 10.0 8.5 523 0 3.4007465380828006E18
8 10.0 8.5 532 0 8.6133827514630738E18
9 10.0 8.5 514 0 1.35074102350782259E18
10 10.0 8.5 499 0 3.2099056786051441E18
11 10.0 8.5 496 0 3.4359966115987323E18
0 10.0 9.0 547 0 8.7602872621080617E18
1 10.0 9.0 529 0 7.2239584314275727E18
2 10.0 9.0 529 0 5.0785809329912023E18
3 10.0 9.0 493 0 8.4437367065991148E18
4 10.0 9.0 499 0 9.416753368789289E17
5 10.0 9.0 517 0 6.8717326610107884E18
6 10.0 9.0 505 0 5.14558307949696E18
7 10.0 9.0 499 0 3.4007465380828006E18
8 10.0 9.0 541 0 8.6133827514630738E18
9 10.0 9.0 502 0 1.35074102350782259E18
10 10.0 9.0 511 0 3.2099056786051441E18
11 10.0 9.0 496 0 3.4359966115987323E18
0 10.0 9.5 565 0 8.7602872621080617E18
1 10.0 9.5 499 0 7.2239584314275727E18
2 10.0 9.5 526 0 5.0785809329912023E18
3 10.0 9.5 493 0 8.4437367065991148E18
4 10.0 9.5 508 0 9.416753368789289E17
5 10.0 9.5 523 0 6.8717326610107884E18
6 10.0 9.5 520 0 5.14558307949696E18
7 10.0 9.5 508 0 3.4007465380828006E18
8 10.0 9.5 544 0 8.6133827514630738E18
9 10.0 9.5 523 0 1.35074102350782259E18
10 10.0 9.5 484 0 3.2099056786051441E18
11 10.0 9.5 493 0 3.4359966115987323E18
0 10.0 10.0 562 0 8.7602872621080617E18
1 10.0 10.0 496 0 7.2239584314275727E18
2 10.0 10.0 538 0 5.0785809329912023E18
3 10.0 10.0 478 0 8.4437367065991148E18
4 10.0 10.0 496 0 9.416753368789289E17
5 10.0 10.0 526 0 6.8717326610107884E18
6 10.0 10.0 523 0 5.14558307949696E18
7 10.0 10.0 499 0 3.4007465380828006E18
8 10.0 10.0 559 0 8.6133827514630738E18
9 10.0 10.0 496 0 1.35074102350782259E18
10 10.0 10.0 502 0 3.2099056786051441E18
11 10.0 10.0 499 0 3.4359966115987323E18
