0 0.0 0.5 1471 0 1.58659544351558656E18 1.0E-5
1 0.0 0.5 1399 0 3.3141360818334372E18 1.0E-5
2 0.0 0.5 1762 0 1.90757498367593779E18 1.0E-5
3 0.0 0.5 1564 0 8.8975442259538596E18 1.0E-5
4 0.0 0.5 1828 0 9.0899959952312689E18 1.0E-5
5 0.0 0.5 1390 0 1.96469008565471027E18 1.0E-5
6 0.0 0.5 1525 0 6.003672232990292E18 1.0E-5
7 0.0 0.5 1363 0 4.7613232566231255E18 1.0E-5
8 0.0 0.5 1420 0 5.9251591016948285E18 1.0E-5
9 0.0 0.5 1501 0 5.4320430459591762E18 1.0E-5
10 0.0 0.5 1423 0 4.1782691810133617E18 1.0E-5
11 0.0 0.5 1828 0 4.3421850646487552E17 1.0E-5
0 0.0 1.5 526 0 1.58659544351558656E18 1.0E-5
1 0.0 1.5 568 0 3.3141360818334372E18 1.0E-5
2 0.0 1.5 550 0 1.90757498367593779E18 1.0E-5
3 0.0 1.5 547 0 8.8975442259538596E18 1.0E-5
4 0.0 1.5 586 0 9.0899959952312689E18 1.0E-5
5 0.0 1.5 526 0 1.96469008565471027E18 1.0E-5
6 0.0 1.5 571 0 6.003672232990292E18 1.0E-5
7 0.0 1.5 556 0 4.7613232566231255E18 1.0E-5
8 0.0 1.5 535 0 5.9251591016948285E18 1.0E-5
9 0.0 1.5 544 0 5.4320430459591762E18 1.0E-5
10 0.0 1.5 532 0 4.1782691810133617E18 1.0E-5
11 0.0 1.5 568 0 4.3421850646487552E17 1.0E-5
0 0.0 2.5 433 0 1.58659544351558656E18 1.0E-5
1 0.0 2.5 442 0 3.3141360818334372E18 1.0E-5
2 0.0 2.5 436 0 1.90757498367593779E18 1.0E-5
3 0.0 2.5 433 0 8.8975442259538596E18 1.0E-5
4 0.0 2.5 445 0 9.0899959952312689E18 1.0E-5
5 0.0 2.5 397 0 1.96469008565471027E18 1.0E-5
6 0.0 2.5 421 0 6.003672232990292E18 1.0E-5
7 0.0 2.5 439 0 4.7613232566231255E18 1.0E-5
8 0.0 2.5 433 0 5.9251591016948285E18 1.0E-5
9 0.0 2.5 430 0 5.4320430459591762E18 1.0E-5
10 0.0 2.5 439 0 4.1782691810133617E18 1.0E-5
11 0.0 2.5 433 0 4.3421850646487552E17 1.0E-5
0 0.0 3.5 385 0 1.58659544351558656E18 1.0E-5
1 0.0 3.5 379 0 3.3141360818334372E18 1.0E-5
2 0.0 3.5 370 0 1.90757498367593779E18 1.0E-5
3 0.0 3.5 391 0 8.8975442259538596E18 1.0E-5
4 0.0 3.5 403 0 9.0899959952312689E18 1.0E-5
5 0.0 3.5 394 0 1.96469008565471027E18 1.0E-5
6 0.0 3.5 385 0 6.003672232990292E18 1.0E-5
7 0.0 3.5 382 0 4.7613232566231255E18 1.0E-5
8 0.0 3.5 379 0 5.9251591016948285E18 1.0E-5
9 0.0 3.5 388 0 5.4320430459591762E18 1.0E-5
10 0.0 3.5 373 0 4.1782691810133617E18 1.0E-5
11 0.0 3.5 385 0 4.3421850646487552E17 1.0E-5
0 0.0 4.5 364 0 1.58659544351558656E18 1.0E-5
1 0.0 4.5 388 0 3.3141360818334372E18 1.0E-5
2 0.0 4.5 352 0 1.90757498367593779E18 1.0E-5
3 0.0 4.5 367 0 8.8975442259538596E18 1.0E-5
4 0.0 4.5 379 0 9.0899959952312689E18 1.0E-5
5 0.0 4.5 346 0 1.96469008565471027E18 1.0E-5
6 0.0 4.5 379 0 6.003672232990292E18 1.0E-5
7 0.0 4.5 367 0 4.7613232566231255E18 1.0E-5
8 0.0 4.5 376 0 5.9251591016948285E18 1.0E-5
9 0.0 4.5 373 0 5.4320430459591762E18 1.0E-5
10 0.0 4.5 358 0 4.1782691810133617E18 1.0E-5
11 0.0 4.5 367 0 4.3421850646487552E17 1.0E-5
0 0.0 5.5 346 0 1.58659544351558656E18 1.0E-5
1 0.0 5.5 352 0 3.3141360818334372E18 1.0E-5
2 0.0 5.5 337 0 1.90757498367593779E18 1.0E-5
3 0.0 5.5 346 0 8.8975442259538596E18 1.0E-5
4 0.0 5.5 349 0 9.0899959952312689E18 1.0E-5
5 0.0 5.5 337 0 1.96469008565471027E18 1.0E-5
6 0.0 5.5 340 0 6.003672232990292E18 1.0E-5
7 0.0 5.5 358 0 4.7613232566231255E18 1.0E-5
8 0.0 5.5 349 0 5.9251591016948285E18 1.0E-5
9 0.0 5.5 346 0 5.4320430459591762E18 1.0E-5
10 0.0 5.5 346 0 4.1782691810133617E18 1.0E-5
11 0.0 5.5 343 0 4.3421850646487552E17 1.0E-5
0 0.0 6.5 307 0 1.58659544351558656E18 1.0E-5
1 0.0 6.5 340 0 3.3141360818334372E18 1.0E-5
2 0.0 6.5 334 0 1.90757498367593779E18 1.0E-5
3 0.0 6.5 328 0 8.8975442259538596E18 1.0E-5
4 0.0 6.5 328 0 9.0899959952312689E18 1.0E-5
5 0.0 6.5 310 0 1.96469008565471027E18 1.0E-5
6 0.0 6.5 313 0 6.003672232990292E18 1.0E-5
7 0.0 6.5 316 0 4.7613232566231255E18 1.0E-5
8 0.0 6.5 334 0 5.9251591016948285E18 1.0E-5
9 0.0 6.5 322 0 5.4320430459591762E18 1.0E-5
10 0.0 6.5 319 0 4.1782691810133617E18 1.0E-5
11 0.0 6.5 331 0 4.3421850646487552E17 1.0E-5
0 0.5 0.5 1567 0 1.58659544351558656E18 1.0E-5
1 0.5 0.5 1402 0 3.3141360818334372E18 1.0E-5
2 0.5 0.5 1411 0 1.90757498367593779E18 1.0E-5
3 0.5 0.5 1486 0 8.8975442259538596E18 1.0E-5
4 0.5 0.5 1729 0 9.0899959952312689E18 1.0E-5
5 0.5 0.5 1399 0 1.96469008565471027E18 1.0E-5
6 0.5 0.5 1468 0 6.003672232990292E18 1.0E-5
7 0.5 0.5 1657 0 4.7613232566231255E18 1.0E-5
8 0.5 0.5 1405 0 5.9251591016948285E18 1.0E-5
9 0.5 0.5 1411 0 5.4320430459591762E18 1.0E-5
10 0.5 0.5 1429 0 4.1782691810133617E18 1.0E-5
11 0.5 0.5 1324 0 4.3421850646487552E17 1.0E-5
0 0.5 1.5 550 0 1.58659544351558656E18 1.0E-5
1 0.5 1.5 553 0 3.3141360818334372E18 1.0E-5
2 0.5 1.5 565 0 1.90757498367593779E18 1.0E-5
3 0.5 1.5 550 0 8.8975442259538596E18 1.0E-5
4 0.5 1.5 613 0 9.0899959952312689E18 1.0E-5
5 0.5 1.5 529 0 1.96469008565471027E18 1.0E-5
6 0.5 1.5 577 0 6.003672232990292E18 1.0E-5
7 0.5 1.5 538 0 4.7613232566231255E18 1.0E-5
8 0.5 1.5 568 0 5.9251591016948285E18 1.0E-5
9 0.5 1.5 541 0 5.4320430459591762E18 1.0E-5
10 0.5 1.5 550 0 4.1782691810133617E18 1.0E-5
11 0.5 1.5 544 0 4.3421850646487552E17 1.0E-5
0 0.5 2.5 442 0 1.58659544351558656E18 1.0E-5
1 0.5 2.5 427 0 3.3141360818334372E18 1.0E-5
2 0.5 2.5 442 0 1.90757498367593779E18 1.0E-5
3 0.5 2.5 430 0 8.8975442259538596E18 1.0E-5
4 0.5 2.5 430 0 9.0899959952312689E18 1.0E-5
5 0.5 2.5 427 0 1.96469008565471027E18 1.0E-5
6 0.5 2.5 421 0 6.003672232990292E18 1.0E-5
7 0.5 2.5 397 0 4.7613232566231255E18 1.0E-5
8 0.5 2.5 442 0 5.9251591016948285E18 1.0E-5
9 0.5 2.5 427 0 5.4320430459591762E18 1.0E-5
10 0.5 2.5 433 0 4.1782691810133617E18 1.0E-5
11 0.5 2.5 427 0 4.3421850646487552E17 1.0E-5
0 0.5 3.5 400 0 1.58659544351558656E18 1.0E-5
1 0.5 3.5 370 0 3.3141360818334372E18 1.0E-5
2 0.5 3.5 385 0 1.90757498367593779E18 1.0E-5
3 0.5 3.5 394 0 8.8975442259538596E18 1.0E-5
4 0.5 3.5 391 0 9.0899959952312689E18 1.0E-5
5 0.5 3.5 379 0 1.96469008565471027E18 1.0E-5
6 0.5 3.5 388 0 6.003672232990292E18 1.0E-5
7 0.5 3.5 379 0 4.7613232566231255E18 1.0E-5
8 0.5 3.5 403 0 5.9251591016948285E18 1.0E-5
9 0.5 3.5 394 0 5.4320430459591762E18 1.0E-5
10 0.5 3.5 373 0 4.1782691810133617E18 1.0E-5
11 0.5 3.5 394 0 4.3421850646487552E17 1.0E-5
0 0.5 4.5 343 0 1.58659544351558656E18 1.0E-5
1 0.5 4.5 361 0 3.3141360818334372E18 1.0E-5
2 0.5 4.5 382 0 1.90757498367593779E18 1.0E-5
3 0.5 4.5 358 0 8.8975442259538596E18 1.0E-5
4 0.5 4.5 376 0 9.0899959952312689E18 1.0E-5
5 0.5 4.5 385 0 1.96469008565471027E18 1.0E-5
6 0.5 4.5 352 0 6.003672232990292E18 1.0E-5
7 0.5 4.5 355 0 4.7613232566231255E18 1.0E-5
8 0.5 4.5 382 0 5.9251591016948285E18 1.0E-5
9 0.5 4.5 382 0 5.4320430459591762E18 1.0E-5
10 0.5 4.5 349 0 4.1782691810133617E18 1.0E-5
11 0.5 4.5 358 0 4.3421850646487552E17 1.0E-5
0 0.5 5.5 334 0 1.58659544351558656E18 1.0E-5
1 0.5 5.5 355 0 3.3141360818334372E18 1.0E-5
2 0.5 5.5 349 0 1.90757498367593779E18 1.0E-5
3 0.5 5.5 331 0 8.8975442259538596E18 1.0E-5
4 0.5 5.5 355 0 9.0899959952312689E18 1.0E-5
5 0.5 5.5 367 0 1.96469008565471027E18 1.0E-5
6 0.5 5.5 346 0 6.003672232990292E18 1.0E-5
7 0.5 5.5 340 0 4.7613232566231255E18 1.0E-5
8 0.5 5.5 361 0 5.9251591016948285E18 1.0E-5
9 0.5 5.5 355 0 5.4320430459591762E18 1.0E-5
10 0.5 5.5 367 0 4.1782691810133617E18 1.0E-5
11 0.5 5.5 349 0 4.3421850646487552E17 1.0E-5
0 0.5 6.5 325 0 1.58659544351558656E18 1.0E-5
1 0.5 6.5 319 0 3.3141360818334372E18 1.0E-5
2 0.5 6.5 340 0 1.90757498367593779E18 1.0E-5
3 0.5 6.5 325 0 8.8975442259538596E18 1.0E-5
4 0.5 6.5 325 0 9.0899959952312689E18 1.0E-5
5 0.5 6.5 337 0 1.96469008565471027E18 1.0E-5
6 0.5 6.5 319 0 6.003672232990292E18 1.0E-5
7 0.5 6.5 337 0 4.7613232566231255E18 1.0E-5
8 0.5 6.5 337 0 5.9251591016948285E18 1.0E-5
9 0.5 6.5 319 0 5.4320430459591762E18 1.0E-5
10 0.5 6.5 331 0 4.1782691810133617E18 1.0E-5
11 0.5 6.5 322 0 4.3421850646487552E17 1.0E-5
0 1.0 0.5 1525 0 1.58659544351558656E18 1.0E-5
1 1.0 0.5 1738 0 3.3141360818334372E18 1.0E-5
2 1.0 0.5 1594 0 1.90757498367593779E18 1.0E-5
3 1.0 0.5 1819 0 8.8975442259538596E18 1.0E-5
4 1.0 0.5 1624 0 9.0899959952312689E18 1.0E-5
5 1.0 0.5 1435 0 1.96469008565471027E18 1.0E-5
6 1.0 0.5 1690 0 6.003672232990292E18 1.0E-5
7 1.0 0.5 1435 0 4.7613232566231255E18 1.0E-5
8 1.0 0.5 1375 0 5.9251591016948285E18 1.0E-5
9 1.0 0.5 1483 0 5.4320430459591762E18 1.0E-5
10 1.0 0.5 1609 0 4.1782691810133617E18 1.0E-5
11 1.0 0.5 1651 0 4.3421850646487552E17 1.0E-5
0 1.0 1.5 547 0 1.58659544351558656E18 1.0E-5
1 1.0 1.5 574 0 3.3141360818334372E18 1.0E-5
2 1.0 1.5 535 0 1.90757498367593779E18 1.0E-5
3 1.0 1.5 547 0 8.8975442259538596E18 1.0E-5
4 1.0 1.5 553 0 9.0899959952312689E18 1.0E-5
5 1.0 1.5 550 0 1.96469008565471027E18 1.0E-5
6 1.0 1.5 559 0 6.003672232990292E18 1.0E-5
7 1.0 1.5 577 0 4.7613232566231255E18 1.0E-5
8 1.0 1.5 577 0 5.9251591016948285E18 1.0E-5
9 1.0 1.5 562 0 5.4320430459591762E18 1.0E-5
10 1.0 1.5 571 0 4.1782691810133617E18 1.0E-5
11 1.0 1.5 559 0 4.3421850646487552E17 1.0E-5
0 1.0 2.5 415 0 1.58659544351558656E18 1.0E-5
1 1.0 2.5 418 0 3.3141360818334372E18 1.0E-5
2 1.0 2.5 424 0 1.90757498367593779E18 1.0E-5
3 1.0 2.5 439 0 8.8975442259538596E18 1.0E-5
4 1.0 2.5 463 0 9.0899959952312689E18 1.0E-5
5 1.0 2.5 421 0 1.96469008565471027E18 1.0E-5
6 1.0 2.5 442 0 6.003672232990292E18 1.0E-5
7 1.0 2.5 433 0 4.7613232566231255E18 1.0E-5
8 1.0 2.5 421 0 5.9251591016948285E18 1.0E-5
9 1.0 2.5 430 0 5.4320430459591762E18 1.0E-5
10 1.0 2.5 424 0 4.1782691810133617E18 1.0E-5
11 1.0 2.5 448 0 4.3421850646487552E17 1.0E-5
0 1.0 3.5 379 0 1.58659544351558656E18 1.0E-5
1 1.0 3.5 382 0 3.3141360818334372E18 1.0E-5
2 1.0 3.5 391 0 1.90757498367593779E18 1.0E-5
3 1.0 3.5 379 0 8.8975442259538596E18 1.0E-5
4 1.0 3.5 400 0 9.0899959952312689E18 1.0E-5
5 1.0 3.5 391 0 1.96469008565471027E18 1.0E-5
6 1.0 3.5 370 0 6.003672232990292E18 1.0E-5
7 1.0 3.5 376 0 4.7613232566231255E18 1.0E-5
8 1.0 3.5 403 0 5.9251591016948285E18 1.0E-5
9 1.0 3.5 403 0 5.4320430459591762E18 1.0E-5
10 1.0 3.5 373 0 4.1782691810133617E18 1.0E-5
11 1.0 3.5 397 0 4.3421850646487552E17 1.0E-5
0 1.0 4.5 343 0 1.58659544351558656E18 1.0E-5
1 1.0 4.5 352 0 3.3141360818334372E18 1.0E-5
2 1.0 4.5 358 0 1.90757498367593779E18 1.0E-5
3 1.0 4.5 361 0 8.8975442259538596E18 1.0E-5
4 1.0 4.5 367 0 9.0899959952312689E18 1.0E-5
5 1.0 4.5 403 0 1.96469008565471027E18 1.0E-5
6 1.0 4.5 370 0 6.003672232990292E18 1.0E-5
7 1.0 4.5 364 0 4.7613232566231255E18 1.0E-5
8 1.0 4.5 373 0 5.9251591016948285E18 1.0E-5
9 1.0 4.5 364 0 5.4320430459591762E18 1.0E-5
10 1.0 4.5 355 0 4.1782691810133617E18 1.0E-5
11 1.0 4.5 358 0 4.3421850646487552E17 1.0E-5
0 1.0 5.5 346 0 1.58659544351558656E18 1.0E-5
1 1.0 5.5 340 0 3.3141360818334372E18 1.0E-5
2 1.0 5.5 337 0 1.90757498367593779E18 1.0E-5
3 1.0 5.5 346 0 8.8975442259538596E18 1.0E-5
4 1.0 5.5 337 0 9.0899959952312689E18 1.0E-5
5 1.0 5.5 382 0 1.96469008565471027E18 1.0E-5
6 1.0 5.5 334 0 6.003672232990292E18 1.0E-5
7 1.0 5.5 343 0 4.7613232566231255E18 1.0E-5
8 1.0 5.5 367 0 5.9251591016948285E18 1.0E-5
9 1.0 5.5 325 0 5.4320430459591762E18 1.0E-5
10 1.0 5.5 340 0 4.1782691810133617E18 1.0E-5
11 1.0 5.5 346 0 4.3421850646487552E17 1.0E-5
0 1.0 6.5 343 0 1.58659544351558656E18 1.0E-5
1 1.0 6.5 319 0 3.3141360818334372E18 1.0E-5
2 1.0 6.5 319 0 1.90757498367593779E18 1.0E-5
3 1.0 6.5 331 0 8.8975442259538596E18 1.0E-5
4 1.0 6.5 310 0 9.0899959952312689E18 1.0E-5
5 1.0 6.5 325 0 1.96469008565471027E18 1.0E-5
6 1.0 6.5 325 0 6.003672232990292E18 1.0E-5
7 1.0 6.5 319 0 4.7613232566231255E18 1.0E-5
8 1.0 6.5 301 0 5.9251591016948285E18 1.0E-5
9 1.0 6.5 331 0 5.4320430459591762E18 1.0E-5
10 1.0 6.5 319 0 4.1782691810133617E18 1.0E-5
11 1.0 6.5 337 0 4.3421850646487552E17 1.0E-5
0 1.5 0.5 1465 0 1.58659544351558656E18 1.0E-5
1 1.5 0.5 1591 0 3.3141360818334372E18 1.0E-5
2 1.5 0.5 1681 0 1.90757498367593779E18 1.0E-5
3 1.5 0.5 1450 0 8.8975442259538596E18 1.0E-5
4 1.5 0.5 1516 0 9.0899959952312689E18 1.0E-5
5 1.5 0.5 1549 0 1.96469008565471027E18 1.0E-5
6 1.5 0.5 1426 0 6.003672232990292E18 1.0E-5
7 1.5 0.5 1630 0 4.7613232566231255E18 1.0E-5
8 1.5 0.5 1633 0 5.9251591016948285E18 1.0E-5
9 1.5 0.5 1561 0 5.4320430459591762E18 1.0E-5
10 1.5 0.5 2000 1 4.1782691810133617E18 1.0E-5
11 1.5 0.5 1486 0 4.3421850646487552E17 1.0E-5
0 1.5 1.5 577 0 1.58659544351558656E18 1.0E-5
1 1.5 1.5 589 0 3.3141360818334372E18 1.0E-5
2 1.5 1.5 559 0 1.90757498367593779E18 1.0E-5
3 1.5 1.5 559 0 8.8975442259538596E18 1.0E-5
4 1.5 1.5 574 0 9.0899959952312689E18 1.0E-5
5 1.5 1.5 559 0 1.96469008565471027E18 1.0E-5
6 1.5 1.5 574 0 6.003672232990292E18 1.0E-5
7 1.5 1.5 571 0 4.7613232566231255E18 1.0E-5
8 1.5 1.5 601 0 5.9251591016948285E18 1.0E-5
9 1.5 1.5 547 0 5.4320430459591762E18 1.0E-5
10 1.5 1.5 565 0 4.1782691810133617E18 1.0E-5
11 1.5 1.5 562 0 4.3421850646487552E17 1.0E-5
0 1.5 2.5 427 0 1.58659544351558656E18 1.0E-5
1 1.5 2.5 454 0 3.3141360818334372E18 1.0E-5
2 1.5 2.5 454 0 1.90757498367593779E18 1.0E-5
3 1.5 2.5 445 0 8.8975442259538596E18 1.0E-5
4 1.5 2.5 451 0 9.0899959952312689E18 1.0E-5
5 1.5 2.5 415 0 1.96469008565471027E18 1.0E-5
6 1.5 2.5 454 0 6.003672232990292E18 1.0E-5
7 1.5 2.5 466 0 4.7613232566231255E18 1.0E-5
8 1.5 2.5 424 0 5.9251591016948285E18 1.0E-5
9 1.5 2.5 439 0 5.4320430459591762E18 1.0E-5
10 1.5 2.5 421 0 4.1782691810133617E18 1.0E-5
11 1.5 2.5 436 0 4.3421850646487552E17 1.0E-5
0 1.5 3.5 397 0 1.58659544351558656E18 1.0E-5
1 1.5 3.5 376 0 3.3141360818334372E18 1.0E-5
2 1.5 3.5 400 0 1.90757498367593779E18 1.0E-5
3 1.5 3.5 391 0 8.8975442259538596E18 1.0E-5
4 1.5 3.5 391 0 9.0899959952312689E18 1.0E-5
5 1.5 3.5 403 0 1.96469008565471027E18 1.0E-5
6 1.5 3.5 409 0 6.003672232990292E18 1.0E-5
7 1.5 3.5 403 0 4.7613232566231255E18 1.0E-5
8 1.5 3.5 409 0 5.9251591016948285E18 1.0E-5
9 1.5 3.5 394 0 5.4320430459591762E18 1.0E-5
10 1.5 3.5 382 0 4.1782691810133617E18 1.0E-5
11 1.5 3.5 388 0 4.3421850646487552E17 1.0E-5
0 1.5 4.5 337 0 1.58659544351558656E18 1.0E-5
1 1.5 4.5 355 0 3.3141360818334372E18 1.0E-5
2 1.5 4.5 361 0 1.90757498367593779E18 1.0E-5
3 1.5 4.5 379 0 8.8975442259538596E18 1.0E-5
4 1.5 4.5 388 0 9.0899959952312689E18 1.0E-5
5 1.5 4.5 376 0 1.96469008565471027E18 1.0E-5
6 1.5 4.5 343 0 6.003672232990292E18 1.0E-5
7 1.5 4.5 346 0 4.7613232566231255E18 1.0E-5
8 1.5 4.5 352 0 5.9251591016948285E18 1.0E-5
9 1.5 4.5 364 0 5.4320430459591762E18 1.0E-5
10 1.5 4.5 364 0 4.1782691810133617E18 1.0E-5
11 1.5 4.5 364 0 4.3421850646487552E17 1.0E-5
0 1.5 5.5 337 0 1.58659544351558656E18 1.0E-5
1 1.5 5.5 346 0 3.3141360818334372E18 1.0E-5
2 1.5 5.5 331 0 1.90757498367593779E18 1.0E-5
3 1.5 5.5 343 0 8.8975442259538596E18 1.0E-5
4 1.5 5.5 346 0 9.0899959952312689E18 1.0E-5
5 1.5 5.5 346 0 1.96469008565471027E18 1.0E-5
6 1.5 5.5 340 0 6.003672232990292E18 1.0E-5
7 1.5 5.5 367 0 4.7613232566231255E18 1.0E-5
8 1.5 5.5 355 0 5.9251591016948285E18 1.0E-5
9 1.5 5.5 325 0 5.4320430459591762E18 1.0E-5
10 1.5 5.5 352 0 4.1782691810133617E18 1.0E-5
11 1.5 5.5 349 0 4.3421850646487552E17 1.0E-5
0 1.5 6.5 331 0 1.58659544351558656E18 1.0E-5
1 1.5 6.5 319 0 3.3141360818334372E18 1.0E-5
2 1.5 6.5 337 0 1.90757498367593779E18 1.0E-5
3 1.5 6.5 325 0 8.8975442259538596E18 1.0E-5
4 1.5 6.5 322 0 9.0899959952312689E18 1.0E-5
5 1.5 6.5 331 0 1.96469008565471027E18 1.0E-5
6 1.5 6.5 331 0 6.003672232990292E18 1.0E-5
7 1.5 6.5 325 0 4.7613232566231255E18 1.0E-5
8 1.5 6.5 358 0 5.9251591016948285E18 1.0E-5
9 1.5 6.5 340 0 5.4320430459591762E18 1.0E-5
10 1.5 6.5 313 0 4.1782691810133617E18 1.0E-5
11 1.5 6.5 322 0 4.3421850646487552E17 1.0E-5
0 2.0 0.5 1735 0 1.58659544351558656E18 1.0E-5
1 2.0 0.5 1942 0 3.3141360818334372E18 1.0E-5
2 2.0 0.5 1414 0 1.90757498367593779E18 1.0E-5
3 2.0 0.5 1606 0 8.8975442259538596E18 1.0E-5
4 2.0 0.5 1729 0 9.0899959952312689E18 1.0E-5
5 2.0 0.5 1387 0 1.96469008565471027E18 1.0E-5
6 2.0 0.5 1558 0 6.003672232990292E18 1.0E-5
7 2.0 0.5 1495 0 4.7613232566231255E18 1.0E-5
8 2.0 0.5 1711 0 5.9251591016948285E18 1.0E-5
9 2.0 0.5 1540 0 5.4320430459591762E18 1.0E-5
10 2.0 0.5 1573 0 4.1782691810133617E18 1.0E-5
11 2.0 0.5 1765 0 4.3421850646487552E17 1.0E-5
0 2.0 1.5 592 0 1.58659544351558656E18 1.0E-5
1 2.0 1.5 571 0 3.3141360818334372E18 1.0E-5
2 2.0 1.5 595 0 1.90757498367593779E18 1.0E-5
3 2.0 1.5 556 0 8.8975442259538596E18 1.0E-5
4 2.0 1.5 553 0 9.0899959952312689E18 1.0E-5
5 2.0 1.5 610 0 1.96469008565471027E18 1.0E-5
6 2.0 1.5 586 0 6.003672232990292E18 1.0E-5
7 2.0 1.5 565 0 4.7613232566231255E18 1.0E-5
8 2.0 1.5 601 0 5.9251591016948285E18 1.0E-5
9 2.0 1.5 547 0 5.4320430459591762E18 1.0E-5
10 2.0 1.5 544 0 4.1782691810133617E18 1.0E-5
11 2.0 1.5 601 0 4.3421850646487552E17 1.0E-5
0 2.0 2.5 433 0 1.58659544351558656E18 1.0E-5
1 2.0 2.5 427 0 3.3141360818334372E18 1.0E-5
2 2.0 2.5 451 0 1.90757498367593779E18 1.0E-5
3 2.0 2.5 433 0 8.8975442259538596E18 1.0E-5
4 2.0 2.5 460 0 9.0899959952312689E18 1.0E-5
5 2.0 2.5 442 0 1.96469008565471027E18 1.0E-5
6 2.0 2.5 439 0 6.003672232990292E18 1.0E-5
7 2.0 2.5 451 0 4.7613232566231255E18 1.0E-5
8 2.0 2.5 463 0 5.9251591016948285E18 1.0E-5
9 2.0 2.5 433 0 5.4320430459591762E18 1.0E-5
10 2.0 2.5 424 0 4.1782691810133617E18 1.0E-5
11 2.0 2.5 430 0 4.3421850646487552E17 1.0E-5
0 2.0 3.5 370 0 1.58659544351558656E18 1.0E-5
1 2.0 3.5 382 0 3.3141360818334372E18 1.0E-5
2 2.0 3.5 373 0 1.90757498367593779E18 1.0E-5
3 2.0 3.5 373 0 8.8975442259538596E18 1.0E-5
4 2.0 3.5 394 0 9.0899959952312689E18 1.0E-5
5 2.0 3.5 424 0 1.96469008565471027E18 1.0E-5
6 2.0 3.5 391 0 6.003672232990292E18 1.0E-5
7 2.0 3.5 412 0 4.7613232566231255E18 1.0E-5
8 2.0 3.5 394 0 5.9251591016948285E18 1.0E-5
9 2.0 3.5 400 0 5.4320430459591762E18 1.0E-5
10 2.0 3.5 376 0 4.1782691810133617E18 1.0E-5
11 2.0 3.5 394 0 4.3421850646487552E17 1.0E-5
0 2.0 4.5 361 0 1.58659544351558656E18 1.0E-5
1 2.0 4.5 346 0 3.3141360818334372E18 1.0E-5
2 2.0 4.5 373 0 1.90757498367593779E18 1.0E-5
3 2.0 4.5 346 0 8.8975442259538596E18 1.0E-5
4 2.0 4.5 355 0 9.0899959952312689E18 1.0E-5
5 2.0 4.5 364 0 1.96469008565471027E18 1.0E-5
6 2.0 4.5 346 0 6.003672232990292E18 1.0E-5
7 2.0 4.5 370 0 4.7613232566231255E18 1.0E-5
8 2.0 4.5 385 0 5.9251591016948285E18 1.0E-5
9 2.0 4.5 394 0 5.4320430459591762E18 1.0E-5
10 2.0 4.5 367 0 4.1782691810133617E18 1.0E-5
11 2.0 4.5 343 0 4.3421850646487552E17 1.0E-5
0 2.0 5.5 331 0 1.58659544351558656E18 1.0E-5
1 2.0 5.5 343 0 3.3141360818334372E18 1.0E-5
2 2.0 5.5 337 0 1.90757498367593779E18 1.0E-5
3 2.0 5.5 367 0 8.8975442259538596E18 1.0E-5
4 2.0 5.5 343 0 9.0899959952312689E18 1.0E-5
5 2.0 5.5 355 0 1.96469008565471027E18 1.0E-5
6 2.0 5.5 331 0 6.003672232990292E18 1.0E-5
7 2.0 5.5 355 0 4.7613232566231255E18 1.0E-5
8 2.0 5.5 361 0 5.9251591016948285E18 1.0E-5
9 2.0 5.5 361 0 5.4320430459591762E18 1.0E-5
10 2.0 5.5 328 0 4.1782691810133617E18 1.0E-5
11 2.0 5.5 379 0 4.3421850646487552E17 1.0E-5
0 2.0 6.5 325 0 1.58659544351558656E18 1.0E-5
1 2.0 6.5 325 0 3.3141360818334372E18 1.0E-5
2 2.0 6.5 337 0 1.90757498367593779E18 1.0E-5
3 2.0 6.5 334 0 8.8975442259538596E18 1.0E-5
4 2.0 6.5 316 0 9.0899959952312689E18 1.0E-5
5 2.0 6.5 337 0 1.96469008565471027E18 1.0E-5
6 2.0 6.5 334 0 6.003672232990292E18 1.0E-5
7 2.0 6.5 340 0 4.7613232566231255E18 1.0E-5
8 2.0 6.5 325 0 5.9251591016948285E18 1.0E-5
9 2.0 6.5 340 0 5.4320430459591762E18 1.0E-5
10 2.0 6.5 322 0 4.1782691810133617E18 1.0E-5
11 2.0 6.5 328 0 4.3421850646487552E17 1.0E-5
0 2.5 0.5 1651 0 1.58659544351558656E18 1.0E-5
1 2.5 0.5 1660 0 3.3141360818334372E18 1.0E-5
2 2.5 0.5 1552 0 1.90757498367593779E18 1.0E-5
3 2.5 0.5 1600 0 8.8975442259538596E18 1.0E-5
4 2.5 0.5 1666 0 9.0899959952312689E18 1.0E-5
5 2.5 0.5 1555 0 1.96469008565471027E18 1.0E-5
6 2.5 0.5 1756 0 6.003672232990292E18 1.0E-5
7 2.5 0.5 1582 0 4.7613232566231255E18 1.0E-5
8 2.5 0.5 1726 0 5.9251591016948285E18 1.0E-5
9 2.5 0.5 1540 0 5.4320430459591762E18 1.0E-5
10 2.5 0.5 2000 1 4.1782691810133617E18 1.0E-5
11 2.5 0.5 1723 0 4.3421850646487552E17 1.0E-5
0 2.5 1.5 565 0 1.58659544351558656E18 1.0E-5
1 2.5 1.5 589 0 3.3141360818334372E18 1.0E-5
2 2.5 1.5 574 0 1.90757498367593779E18 1.0E-5
3 2.5 1.5 568 0 8.8975442259538596E18 1.0E-5
4 2.5 1.5 607 0 9.0899959952312689E18 1.0E-5
5 2.5 1.5 559 0 1.96469008565471027E18 1.0E-5
6 2.5 1.5 568 0 6.003672232990292E18 1.0E-5
7 2.5 1.5 550 0 4.7613232566231255E18 1.0E-5
8 2.5 1.5 595 0 5.9251591016948285E18 1.0E-5
9 2.5 1.5 559 0 5.4320430459591762E18 1.0E-5
10 2.5 1.5 574 0 4.1782691810133617E18 1.0E-5
11 2.5 1.5 601 0 4.3421850646487552E17 1.0E-5
0 2.5 2.5 442 0 1.58659544351558656E18 1.0E-5
1 2.5 2.5 460 0 3.3141360818334372E18 1.0E-5
2 2.5 2.5 436 0 1.90757498367593779E18 1.0E-5
3 2.5 2.5 451 0 8.8975442259538596E18 1.0E-5
4 2.5 2.5 451 0 9.0899959952312689E18 1.0E-5
5 2.5 2.5 448 0 1.96469008565471027E18 1.0E-5
6 2.5 2.5 424 0 6.003672232990292E18 1.0E-5
7 2.5 2.5 463 0 4.7613232566231255E18 1.0E-5
8 2.5 2.5 427 0 5.9251591016948285E18 1.0E-5
9 2.5 2.5 415 0 5.4320430459591762E18 1.0E-5
10 2.5 2.5 445 0 4.1782691810133617E18 1.0E-5
11 2.5 2.5 430 0 4.3421850646487552E17 1.0E-5
0 2.5 3.5 373 0 1.58659544351558656E18 1.0E-5
1 2.5 3.5 394 0 3.3141360818334372E18 1.0E-5
2 2.5 3.5 391 0 1.90757498367593779E18 1.0E-5
3 2.5 3.5 394 0 8.8975442259538596E18 1.0E-5
4 2.5 3.5 388 0 9.0899959952312689E18 1.0E-5
5 2.5 3.5 379 0 1.96469008565471027E18 1.0E-5
6 2.5 3.5 403 0 6.003672232990292E18 1.0E-5
7 2.5 3.5 400 0 4.7613232566231255E18 1.0E-5
8 2.5 3.5 370 0 5.9251591016948285E18 1.0E-5
9 2.5 3.5 385 0 5.4320430459591762E18 1.0E-5
10 2.5 3.5 382 0 4.1782691810133617E18 1.0E-5
11 2.5 3.5 397 0 4.3421850646487552E17 1.0E-5
0 2.5 4.5 361 0 1.58659544351558656E18 1.0E-5
1 2.5 4.5 355 0 3.3141360818334372E18 1.0E-5
2 2.5 4.5 373 0 1.90757498367593779E18 1.0E-5
3 2.5 4.5 382 0 8.8975442259538596E18 1.0E-5
4 2.5 4.5 379 0 9.0899959952312689E18 1.0E-5
5 2.5 4.5 367 0 1.96469008565471027E18 1.0E-5
6 2.5 4.5 352 0 6.003672232990292E18 1.0E-5
7 2.5 4.5 355 0 4.7613232566231255E18 1.0E-5
8 2.5 4.5 385 0 5.9251591016948285E18 1.0E-5
9 2.5 4.5 364 0 5.4320430459591762E18 1.0E-5
10 2.5 4.5 358 0 4.1782691810133617E18 1.0E-5
11 2.5 4.5 355 0 4.3421850646487552E17 1.0E-5
0 2.5 5.5 364 0 1.58659544351558656E18 1.0E-5
1 2.5 5.5 361 0 3.3141360818334372E18 1.0E-5
2 2.5 5.5 349 0 1.90757498367593779E18 1.0E-5
3 2.5 5.5 343 0 8.8975442259538596E18 1.0E-5
4 2.5 5.5 364 0 9.0899959952312689E18 1.0E-5
5 2.5 5.5 385 0 1.96469008565471027E18 1.0E-5
6 2.5 5.5 373 0 6.003672232990292E18 1.0E-5
7 2.5 5.5 331 0 4.7613232566231255E18 1.0E-5
8 2.5 5.5 361 0 5.9251591016948285E18 1.0E-5
9 2.5 5.5 343 0 5.4320430459591762E18 1.0E-5
10 2.5 5.5 343 0 4.1782691810133617E18 1.0E-5
11 2.5 5.5 334 0 4.3421850646487552E17 1.0E-5
0 2.5 6.5 322 0 1.58659544351558656E18 1.0E-5
1 2.5 6.5 334 0 3.3141360818334372E18 1.0E-5
2 2.5 6.5 331 0 1.90757498367593779E18 1.0E-5
3 2.5 6.5 325 0 8.8975442259538596E18 1.0E-5
4 2.5 6.5 331 0 9.0899959952312689E18 1.0E-5
5 2.5 6.5 340 0 1.96469008565471027E18 1.0E-5
6 2.5 6.5 343 0 6.003672232990292E18 1.0E-5
7 2.5 6.5 346 0 4.7613232566231255E18 1.0E-5
8 2.5 6.5 334 0 5.9251591016948285E18 1.0E-5
9 2.5 6.5 337 0 5.4320430459591762E18 1.0E-5
10 2.5 6.5 316 0 4.1782691810133617E18 1.0E-5
11 2.5 6.5 316 0 4.3421850646487552E17 1.0E-5
0 3.0 0.5 1642 0 1.58659544351558656E18 1.0E-5
1 3.0 0.5 1654 0 3.3141360818334372E18 1.0E-5
2 3.0 0.5 2000 1 1.90757498367593779E18 1.0E-5
3 3.0 0.5 1606 0 8.8975442259538596E18 1.0E-5
4 3.0 0.5 1597 0 9.0899959952312689E18 1.0E-5
5 3.0 0.5 1627 0 1.96469008565471027E18 1.0E-5
6 3.0 0.5 1693 0 6.003672232990292E18 1.0E-5
7 3.0 0.5 1660 0 4.7613232566231255E18 1.0E-5
8 3.0 0.5 1648 0 5.9251591016948285E18 1.0E-5
9 3.0 0.5 1810 0 5.4320430459591762E18 1.0E-5
10 3.0 0.5 1831 0 4.1782691810133617E18 1.0E-5
11 3.0 0.5 1585 0 4.3421850646487552E17 1.0E-5
0 3.0 1.5 577 0 1.58659544351558656E18 1.0E-5
1 3.0 1.5 604 0 3.3141360818334372E18 1.0E-5
2 3.0 1.5 583 0 1.90757498367593779E18 1.0E-5
3 3.0 1.5 571 0 8.8975442259538596E18 1.0E-5
4 3.0 1.5 577 0 9.0899959952312689E18 1.0E-5
5 3.0 1.5 577 0 1.96469008565471027E18 1.0E-5
6 3.0 1.5 565 0 6.003672232990292E18 1.0E-5
7 3.0 1.5 571 0 4.7613232566231255E18 1.0E-5
8 3.0 1.5 553 0 5.9251591016948285E18 1.0E-5
9 3.0 1.5 571 0 5.4320430459591762E18 1.0E-5
10 3.0 1.5 580 0 4.1782691810133617E18 1.0E-5
11 3.0 1.5 556 0 4.3421850646487552E17 1.0E-5
0 3.0 2.5 442 0 1.58659544351558656E18 1.0E-5
1 3.0 2.5 445 0 3.3141360818334372E18 1.0E-5
2 3.0 2.5 451 0 1.90757498367593779E18 1.0E-5
3 3.0 2.5 460 0 8.8975442259538596E18 1.0E-5
4 3.0 2.5 454 0 9.0899959952312689E18 1.0E-5
5 3.0 2.5 421 0 1.96469008565471027E18 1.0E-5
6 3.0 2.5 448 0 6.003672232990292E18 1.0E-5
7 3.0 2.5 448 0 4.7613232566231255E18 1.0E-5
8 3.0 2.5 490 0 5.9251591016948285E18 1.0E-5
9 3.0 2.5 460 0 5.4320430459591762E18 1.0E-5
10 3.0 2.5 436 0 4.1782691810133617E18 1.0E-5
11 3.0 2.5 448 0 4.3421850646487552E17 1.0E-5
0 3.0 3.5 376 0 1.58659544351558656E18 1.0E-5
1 3.0 3.5 376 0 3.3141360818334372E18 1.0E-5
2 3.0 3.5 400 0 1.90757498367593779E18 1.0E-5
3 3.0 3.5 388 0 8.8975442259538596E18 1.0E-5
4 3.0 3.5 403 0 9.0899959952312689E18 1.0E-5
5 3.0 3.5 388 0 1.96469008565471027E18 1.0E-5
6 3.0 3.5 391 0 6.003672232990292E18 1.0E-5
7 3.0 3.5 412 0 4.7613232566231255E18 1.0E-5
8 3.0 3.5 436 0 5.9251591016948285E18 1.0E-5
9 3.0 3.5 391 0 5.4320430459591762E18 1.0E-5
10 3.0 3.5 382 0 4.1782691810133617E18 1.0E-5
11 3.0 3.5 400 0 4.3421850646487552E17 1.0E-5
0 3.0 4.5 367 0 1.58659544351558656E18 1.0E-5
1 3.0 4.5 364 0 3.3141360818334372E18 1.0E-5
2 3.0 4.5 379 0 1.90757498367593779E18 1.0E-5
3 3.0 4.5 355 0 8.8975442259538596E18 1.0E-5
4 3.0 4.5 370 0 9.0899959952312689E18 1.0E-5
5 3.0 4.5 367 0 1.96469008565471027E18 1.0E-5
6 3.0 4.5 370 0 6.003672232990292E18 1.0E-5
7 3.0 4.5 370 0 4.7613232566231255E18 1.0E-5
8 3.0 4.5 397 0 5.9251591016948285E18 1.0E-5
9 3.0 4.5 394 0 5.4320430459591762E18 1.0E-5
10 3.0 4.5 364 0 4.1782691810133617E18 1.0E-5
11 3.0 4.5 361 0 4.3421850646487552E17 1.0E-5
0 3.0 5.5 343 0 1.58659544351558656E18 1.0E-5
1 3.0 5.5 340 0 3.3141360818334372E18 1.0E-5
2 3.0 5.5 349 0 1.90757498367593779E18 1.0E-5
3 3.0 5.5 331 0 8.8975442259538596E18 1.0E-5
4 3.0 5.5 361 0 9.0899959952312689E18 1.0E-5
5 3.0 5.5 349 0 1.96469008565471027E18 1.0E-5
6 3.0 5.5 334 0 6.003672232990292E18 1.0E-5
7 3.0 5.5 343 0 4.7613232566231255E18 1.0E-5
8 3.0 5.5 337 0 5.9251591016948285E18 1.0E-5
9 3.0 5.5 343 0 5.4320430459591762E18 1.0E-5
10 3.0 5.5 346 0 4.1782691810133617E18 1.0E-5
11 3.0 5.5 343 0 4.3421850646487552E17 1.0E-5
0 3.0 6.5 328 0 1.58659544351558656E18 1.0E-5
1 3.0 6.5 337 0 3.3141360818334372E18 1.0E-5
2 3.0 6.5 319 0 1.90757498367593779E18 1.0E-5
3 3.0 6.5 331 0 8.8975442259538596E18 1.0E-5
4 3.0 6.5 322 0 9.0899959952312689E18 1.0E-5
5 3.0 6.5 337 0 1.96469008565471027E18 1.0E-5
6 3.0 6.5 328 0 6.003672232990292E18 1.0E-5
7 3.0 6.5 325 0 4.7613232566231255E18 1.0E-5
8 3.0 6.5 340 0 5.9251591016948285E18 1.0E-5
9 3.0 6.5 340 0 5.4320430459591762E18 1.0E-5
10 3.0 6.5 310 0 4.1782691810133617E18 1.0E-5
11 3.0 6.5 334 0 4.3421850646487552E17 1.0E-5
0 3.5 0.5 1573 0 1.58659544351558656E18 1.0E-5
1 3.5 0.5 1519 0 3.3141360818334372E18 1.0E-5
2 3.5 0.5 1864 0 1.90757498367593779E18 1.0E-5
3 3.5 0.5 1567 0 8.8975442259538596E18 1.0E-5
4 3.5 0.5 1726 0 9.0899959952312689E18 1.0E-5
5 3.5 0.5 1684 0 1.96469008565471027E18 1.0E-5
6 3.5 0.5 1783 0 6.003672232990292E18 1.0E-5
7 3.5 0.5 1648 0 4.7613232566231255E18 1.0E-5
8 3.5 0.5 1981 0 5.9251591016948285E18 1.0E-5
9 3.5 0.5 1798 0 5.4320430459591762E18 1.0E-5
10 3.5 0.5 1570 0 4.1782691810133617E18 1.0E-5
11 3.5 0.5 1717 0 4.3421850646487552E17 1.0E-5
0 3.5 1.5 601 0 1.58659544351558656E18 1.0E-5
1 3.5 1.5 580 0 3.3141360818334372E18 1.0E-5
2 3.5 1.5 616 0 1.90757498367593779E18 1.0E-5
3 3.5 1.5 598 0 8.8975442259538596E18 1.0E-5
4 3.5 1.5 601 0 9.0899959952312689E18 1.0E-5
5 3.5 1.5 604 0 1.96469008565471027E18 1.0E-5
6 3.5 1.5 556 0 6.003672232990292E18 1.0E-5
7 3.5 1.5 568 0 4.7613232566231255E18 1.0E-5
8 3.5 1.5 601 0 5.9251591016948285E18 1.0E-5
9 3.5 1.5 553 0 5.4320430459591762E18 1.0E-5
10 3.5 1.5 583 0 4.1782691810133617E18 1.0E-5
11 3.5 1.5 595 0 4.3421850646487552E17 1.0E-5
0 3.5 2.5 436 0 1.58659544351558656E18 1.0E-5
1 3.5 2.5 418 0 3.3141360818334372E18 1.0E-5
2 3.5 2.5 445 0 1.90757498367593779E18 1.0E-5
3 3.5 2.5 460 0 8.8975442259538596E18 1.0E-5
4 3.5 2.5 454 0 9.0899959952312689E18 1.0E-5
5 3.5 2.5 457 0 1.96469008565471027E18 1.0E-5
6 3.5 2.5 454 0 6.003672232990292E18 1.0E-5
7 3.5 2.5 433 0 4.7613232566231255E18 1.0E-5
8 3.5 2.5 442 0 5.9251591016948285E18 1.0E-5
9 3.5 2.5 430 0 5.4320430459591762E18 1.0E-5
10 3.5 2.5 442 0 4.1782691810133617E18 1.0E-5
11 3.5 2.5 448 0 4.3421850646487552E17 1.0E-5
0 3.5 3.5 382 0 1.58659544351558656E18 1.0E-5
1 3.5 3.5 400 0 3.3141360818334372E18 1.0E-5
2 3.5 3.5 373 0 1.90757498367593779E18 1.0E-5
3 3.5 3.5 424 0 8.8975442259538596E18 1.0E-5
4 3.5 3.5 400 0 9.0899959952312689E18 1.0E-5
5 3.5 3.5 379 0 1.96469008565471027E18 1.0E-5
6 3.5 3.5 388 0 6.003672232990292E18 1.0E-5
7 3.5 3.5 400 0 4.7613232566231255E18 1.0E-5
8 3.5 3.5 406 0 5.9251591016948285E18 1.0E-5
9 3.5 3.5 400 0 5.4320430459591762E18 1.0E-5
10 3.5 3.5 373 0 4.1782691810133617E18 1.0E-5
11 3.5 3.5 397 0 4.3421850646487552E17 1.0E-5
0 3.5 4.5 355 0 1.58659544351558656E18 1.0E-5
1 3.5 4.5 373 0 3.3141360818334372E18 1.0E-5
2 3.5 4.5 367 0 1.90757498367593779E18 1.0E-5
3 3.5 4.5 361 0 8.8975442259538596E18 1.0E-5
4 3.5 4.5 361 0 9.0899959952312689E18 1.0E-5
5 3.5 4.5 370 0 1.96469008565471027E18 1.0E-5
6 3.5 4.5 376 0 6.003672232990292E18 1.0E-5
7 3.5 4.5 361 0 4.7613232566231255E18 1.0E-5
8 3.5 4.5 403 0 5.9251591016948285E18 1.0E-5
9 3.5 4.5 355 0 5.4320430459591762E18 1.0E-5
10 3.5 4.5 361 0 4.1782691810133617E18 1.0E-5
11 3.5 4.5 370 0 4.3421850646487552E17 1.0E-5
0 3.5 5.5 340 0 1.58659544351558656E18 1.0E-5
1 3.5 5.5 361 0 3.3141360818334372E18 1.0E-5
2 3.5 5.5 337 0 1.90757498367593779E18 1.0E-5
3 3.5 5.5 352 0 8.8975442259538596E18 1.0E-5
4 3.5 5.5 358 0 9.0899959952312689E18 1.0E-5
5 3.5 5.5 373 0 1.96469008565471027E18 1.0E-5
6 3.5 5.5 352 0 6.003672232990292E18 1.0E-5
7 3.5 5.5 349 0 4.7613232566231255E18 1.0E-5
8 3.5 5.5 349 0 5.9251591016948285E18 1.0E-5
9 3.5 5.5 352 0 5.4320430459591762E18 1.0E-5
10 3.5 5.5 358 0 4.1782691810133617E18 1.0E-5
11 3.5 5.5 364 0 4.3421850646487552E17 1.0E-5
0 3.5 6.5 325 0 1.58659544351558656E18 1.0E-5
1 3.5 6.5 328 0 3.3141360818334372E18 1.0E-5
2 3.5 6.5 325 0 1.90757498367593779E18 1.0E-5
3 3.5 6.5 316 0 8.8975442259538596E18 1.0E-5
4 3.5 6.5 328 0 9.0899959952312689E18 1.0E-5
5 3.5 6.5 334 0 1.96469008565471027E18 1.0E-5
6 3.5 6.5 337 0 6.003672232990292E18 1.0E-5
7 3.5 6.5 328 0 4.7613232566231255E18 1.0E-5
8 3.5 6.5 346 0 5.9251591016948285E18 1.0E-5
9 3.5 6.5 331 0 5.4320430459591762E18 1.0E-5
10 3.5 6.5 310 0 4.1782691810133617E18 1.0E-5
11 3.5 6.5 322 0 4.3421850646487552E17 1.0E-5
0 4.0 0.5 1729 0 1.58659544351558656E18 1.0E-5
1 4.0 0.5 1828 0 3.3141360818334372E18 1.0E-5
2 4.0 0.5 1702 0 1.90757498367593779E18 1.0E-5
3 4.0 0.5 2000 1 8.8975442259538596E18 1.0E-5
4 4.0 0.5 1948 0 9.0899959952312689E18 1.0E-5
5 4.0 0.5 2000 1 1.96469008565471027E18 1.0E-5
6 4.0 0.5 1852 0 6.003672232990292E18 1.0E-5
7 4.0 0.5 1837 0 4.7613232566231255E18 1.0E-5
8 4.0 0.5 1723 0 5.9251591016948285E18 1.0E-5
9 4.0 0.5 1705 0 5.4320430459591762E18 1.0E-5
10 4.0 0.5 1819 0 4.1782691810133617E18 1.0E-5
11 4.0 0.5 1789 0 4.3421850646487552E17 1.0E-5
0 4.0 1.5 619 0 1.58659544351558656E18 1.0E-5
1 4.0 1.5 601 0 3.3141360818334372E18 1.0E-5
2 4.0 1.5 619 0 1.90757498367593779E18 1.0E-5
3 4.0 1.5 577 0 8.8975442259538596E18 1.0E-5
4 4.0 1.5 637 0 9.0899959952312689E18 1.0E-5
5 4.0 1.5 601 0 1.96469008565471027E18 1.0E-5
6 4.0 1.5 586 0 6.003672232990292E18 1.0E-5
7 4.0 1.5 565 0 4.7613232566231255E18 1.0E-5
8 4.0 1.5 577 0 5.9251591016948285E18 1.0E-5
9 4.0 1.5 559 0 5.4320430459591762E18 1.0E-5
10 4.0 1.5 601 0 4.1782691810133617E18 1.0E-5
11 4.0 1.5 586 0 4.3421850646487552E17 1.0E-5
0 4.0 2.5 448 0 1.58659544351558656E18 1.0E-5
1 4.0 2.5 430 0 3.3141360818334372E18 1.0E-5
2 4.0 2.5 454 0 1.90757498367593779E18 1.0E-5
3 4.0 2.5 463 0 8.8975442259538596E18 1.0E-5
4 4.0 2.5 475 0 9.0899959952312689E18 1.0E-5
5 4.0 2.5 442 0 1.96469008565471027E18 1.0E-5
6 4.0 2.5 442 0 6.003672232990292E18 1.0E-5
7 4.0 2.5 466 0 4.7613232566231255E18 1.0E-5
8 4.0 2.5 454 0 5.9251591016948285E18 1.0E-5
9 4.0 2.5 475 0 5.4320430459591762E18 1.0E-5
10 4.0 2.5 436 0 4.1782691810133617E18 1.0E-5
11 4.0 2.5 433 0 4.3421850646487552E17 1.0E-5
0 4.0 3.5 397 0 1.58659544351558656E18 1.0E-5
1 4.0 3.5 391 0 3.3141360818334372E18 1.0E-5
2 4.0 3.5 400 0 1.90757498367593779E18 1.0E-5
3 4.0 3.5 403 0 8.8975442259538596E18 1.0E-5
4 4.0 3.5 394 0 9.0899959952312689E18 1.0E-5
5 4.0 3.5 394 0 1.96469008565471027E18 1.0E-5
6 4.0 3.5 400 0 6.003672232990292E18 1.0E-5
7 4.0 3.5 400 0 4.7613232566231255E18 1.0E-5
8 4.0 3.5 370 0 5.9251591016948285E18 1.0E-5
9 4.0 3.5 385 0 5.4320430459591762E18 1.0E-5
10 4.0 3.5 385 0 4.1782691810133617E18 1.0E-5
11 4.0 3.5 388 0 4.3421850646487552E17 1.0E-5
0 4.0 4.5 346 0 1.58659544351558656E18 1.0E-5
1 4.0 4.5 382 0 3.3141360818334372E18 1.0E-5
2 4.0 4.5 364 0 1.90757498367593779E18 1.0E-5
3 4.0 4.5 349 0 8.8975442259538596E18 1.0E-5
4 4.0 4.5 394 0 9.0899959952312689E18 1.0E-5
5 4.0 4.5 355 0 1.96469008565471027E18 1.0E-5
6 4.0 4.5 370 0 6.003672232990292E18 1.0E-5
7 4.0 4.5 382 0 4.7613232566231255E18 1.0E-5
8 4.0 4.5 394 0 5.9251591016948285E18 1.0E-5
9 4.0 4.5 352 0 5.4320430459591762E18 1.0E-5
10 4.0 4.5 376 0 4.1782691810133617E18 1.0E-5
11 4.0 4.5 370 0 4.3421850646487552E17 1.0E-5
0 4.0 5.5 358 0 1.58659544351558656E18 1.0E-5
1 4.0 5.5 346 0 3.3141360818334372E18 1.0E-5
2 4.0 5.5 358 0 1.90757498367593779E18 1.0E-5
3 4.0 5.5 361 0 8.8975442259538596E18 1.0E-5
4 4.0 5.5 358 0 9.0899959952312689E18 1.0E-5
5 4.0 5.5 385 0 1.96469008565471027E18 1.0E-5
6 4.0 5.5 349 0 6.003672232990292E18 1.0E-5
7 4.0 5.5 373 0 4.7613232566231255E18 1.0E-5
8 4.0 5.5 367 0 5.9251591016948285E18 1.0E-5
9 4.0 5.5 364 0 5.4320430459591762E18 1.0E-5
10 4.0 5.5 340 0 4.1782691810133617E18 1.0E-5
11 4.0 5.5 340 0 4.3421850646487552E17 1.0E-5
0 4.0 6.5 334 0 1.58659544351558656E18 1.0E-5
1 4.0 6.5 334 0 3.3141360818334372E18 1.0E-5
2 4.0 6.5 328 0 1.90757498367593779E18 1.0E-5
3 4.0 6.5 334 0 8.8975442259538596E18 1.0E-5
4 4.0 6.5 331 0 9.0899959952312689E18 1.0E-5
5 4.0 6.5 340 0 1.96469008565471027E18 1.0E-5
6 4.0 6.5 328 0 6.003672232990292E18 1.0E-5
7 4.0 6.5 334 0 4.7613232566231255E18 1.0E-5
8 4.0 6.5 334 0 5.9251591016948285E18 1.0E-5
9 4.0 6.5 334 0 5.4320430459591762E18 1.0E-5
10 4.0 6.5 322 0 4.1782691810133617E18 1.0E-5
11 4.0 6.5 334 0 4.3421850646487552E17 1.0E-5
0 4.5 0.5 1738 0 1.58659544351558656E18 1.0E-5
1 4.5 0.5 1675 0 3.3141360818334372E18 1.0E-5
2 4.5 0.5 2000 1 1.90757498367593779E18 1.0E-5
3 4.5 0.5 2000 1 8.8975442259538596E18 1.0E-5
4 4.5 0.5 1894 0 9.0899959952312689E18 1.0E-5
5 4.5 0.5 1801 0 1.96469008565471027E18 1.0E-5
6 4.5 0.5 2000 1 6.003672232990292E18 1.0E-5
7 4.5 0.5 2000 1 4.7613232566231255E18 1.0E-5
8 4.5 0.5 1681 0 5.9251591016948285E18 1.0E-5
9 4.5 0.5 1624 0 5.4320430459591762E18 1.0E-5
10 4.5 0.5 1660 0 4.1782691810133617E18 1.0E-5
11 4.5 0.5 1765 0 4.3421850646487552E17 1.0E-5
0 4.5 1.5 568 0 1.58659544351558656E18 1.0E-5
1 4.5 1.5 601 0 3.3141360818334372E18 1.0E-5
2 4.5 1.5 601 0 1.90757498367593779E18 1.0E-5
3 4.5 1.5 619 0 8.8975442259538596E18 1.0E-5
4 4.5 1.5 622 0 9.0899959952312689E18 1.0E-5
5 4.5 1.5 595 0 1.96469008565471027E18 1.0E-5
6 4.5 1.5 583 0 6.003672232990292E18 1.0E-5
7 4.5 1.5 610 0 4.7613232566231255E18 1.0E-5
8 4.5 1.5 583 0 5.9251591016948285E18 1.0E-5
9 4.5 1.5 616 0 5.4320430459591762E18 1.0E-5
10 4.5 1.5 571 0 4.1782691810133617E18 1.0E-5
11 4.5 1.5 586 0 4.3421850646487552E17 1.0E-5
0 4.5 2.5 436 0 1.58659544351558656E18 1.0E-5
1 4.5 2.5 439 0 3.3141360818334372E18 1.0E-5
2 4.5 2.5 451 0 1.90757498367593779E18 1.0E-5
3 4.5 2.5 451 0 8.8975442259538596E18 1.0E-5
4 4.5 2.5 466 0 9.0899959952312689E18 1.0E-5
5 4.5 2.5 445 0 1.96469008565471027E18 1.0E-5
6 4.5 2.5 454 0 6.003672232990292E18 1.0E-5
7 4.5 2.5 445 0 4.7613232566231255E18 1.0E-5
8 4.5 2.5 463 0 5.9251591016948285E18 1.0E-5
9 4.5 2.5 436 0 5.4320430459591762E18 1.0E-5
10 4.5 2.5 439 0 4.1782691810133617E18 1.0E-5
11 4.5 2.5 454 0 4.3421850646487552E17 1.0E-5
0 4.5 3.5 412 0 1.58659544351558656E18 1.0E-5
1 4.5 3.5 418 0 3.3141360818334372E18 1.0E-5
2 4.5 3.5 412 0 1.90757498367593779E18 1.0E-5
3 4.5 3.5 406 0 8.8975442259538596E18 1.0E-5
4 4.5 3.5 397 0 9.0899959952312689E18 1.0E-5
5 4.5 3.5 385 0 1.96469008565471027E18 1.0E-5
6 4.5 3.5 382 0 6.003672232990292E18 1.0E-5
7 4.5 3.5 415 0 4.7613232566231255E18 1.0E-5
8 4.5 3.5 409 0 5.9251591016948285E18 1.0E-5
9 4.5 3.5 406 0 5.4320430459591762E18 1.0E-5
10 4.5 3.5 388 0 4.1782691810133617E18 1.0E-5
11 4.5 3.5 406 0 4.3421850646487552E17 1.0E-5
0 4.5 4.5 382 0 1.58659544351558656E18 1.0E-5
1 4.5 4.5 382 0 3.3141360818334372E18 1.0E-5
2 4.5 4.5 367 0 1.90757498367593779E18 1.0E-5
3 4.5 4.5 352 0 8.8975442259538596E18 1.0E-5
4 4.5 4.5 382 0 9.0899959952312689E18 1.0E-5
5 4.5 4.5 406 0 1.96469008565471027E18 1.0E-5
6 4.5 4.5 361 0 6.003672232990292E18 1.0E-5
7 4.5 4.5 397 0 4.7613232566231255E18 1.0E-5
8 4.5 4.5 388 0 5.9251591016948285E18 1.0E-5
9 4.5 4.5 391 0 5.4320430459591762E18 1.0E-5
10 4.5 4.5 355 0 4.1782691810133617E18 1.0E-5
11 4.5 4.5 376 0 4.3421850646487552E17 1.0E-5
0 4.5 5.5 361 0 1.58659544351558656E18 1.0E-5
1 4.5 5.5 346 0 3.3141360818334372E18 1.0E-5
2 4.5 5.5 358 0 1.90757498367593779E18 1.0E-5
3 4.5 5.5 376 0 8.8975442259538596E18 1.0E-5
4 4.5 5.5 370 0 9.0899959952312689E18 1.0E-5
5 4.5 5.5 370 0 1.96469008565471027E18 1.0E-5
6 4.5 5.5 358 0 6.003672232990292E18 1.0E-5
7 4.5 5.5 355 0 4.7613232566231255E18 1.0E-5
8 4.5 5.5 367 0 5.9251591016948285E18 1.0E-5
9 4.5 5.5 358 0 5.4320430459591762E18 1.0E-5
10 4.5 5.5 346 0 4.1782691810133617E18 1.0E-5
11 4.5 5.5 334 0 4.3421850646487552E17 1.0E-5
0 4.5 6.5 328 0 1.58659544351558656E18 1.0E-5
1 4.5 6.5 325 0 3.3141360818334372E18 1.0E-5
2 4.5 6.5 328 0 1.90757498367593779E18 1.0E-5
3 4.5 6.5 316 0 8.8975442259538596E18 1.0E-5
4 4.5 6.5 337 0 9.0899959952312689E18 1.0E-5
5 4.5 6.5 337 0 1.96469008565471027E18 1.0E-5
6 4.5 6.5 334 0 6.003672232990292E18 1.0E-5
7 4.5 6.5 328 0 4.7613232566231255E18 1.0E-5
8 4.5 6.5 340 0 5.9251591016948285E18 1.0E-5
9 4.5 6.5 349 0 5.4320430459591762E18 1.0E-5
10 4.5 6.5 343 0 4.1782691810133617E18 1.0E-5
11 4.5 6.5 343 0 4.3421850646487552E17 1.0E-5
0 5.0 0.5 2000 1 1.58659544351558656E18 1.0E-5
1 5.0 0.5 2000 1 3.3141360818334372E18 1.0E-5
2 5.0 0.5 1759 0 1.90757498367593779E18 1.0E-5
3 5.0 0.5 2000 1 8.8975442259538596E18 1.0E-5
4 5.0 0.5 1888 0 9.0899959952312689E18 1.0E-5
5 5.0 0.5 2000 1 1.96469008565471027E18 1.0E-5
6 5.0 0.5 2000 1 6.003672232990292E18 1.0E-5
7 5.0 0.5 1726 0 4.7613232566231255E18 1.0E-5
8 5.0 0.5 1735 0 5.9251591016948285E18 1.0E-5
9 5.0 0.5 2000 1 5.4320430459591762E18 1.0E-5
10 5.0 0.5 1918 0 4.1782691810133617E18 1.0E-5
11 5.0 0.5 2000 1 4.3421850646487552E17 1.0E-5
0 5.0 1.5 592 0 1.58659544351558656E18 1.0E-5
1 5.0 1.5 634 0 3.3141360818334372E18 1.0E-5
2 5.0 1.5 622 0 1.90757498367593779E18 1.0E-5
3 5.0 1.5 598 0 8.8975442259538596E18 1.0E-5
4 5.0 1.5 613 0 9.0899959952312689E18 1.0E-5
5 5.0 1.5 625 0 1.96469008565471027E18 1.0E-5
6 5.0 1.5 613 0 6.003672232990292E18 1.0E-5
7 5.0 1.5 613 0 4.7613232566231255E18 1.0E-5
8 5.0 1.5 595 0 5.9251591016948285E18 1.0E-5
9 5.0 1.5 634 0 5.4320430459591762E18 1.0E-5
10 5.0 1.5 604 0 4.1782691810133617E18 1.0E-5
11 5.0 1.5 622 0 4.3421850646487552E17 1.0E-5
0 5.0 2.5 448 0 1.58659544351558656E18 1.0E-5
1 5.0 2.5 451 0 3.3141360818334372E18 1.0E-5
2 5.0 2.5 451 0 1.90757498367593779E18 1.0E-5
3 5.0 2.5 430 0 8.8975442259538596E18 1.0E-5
4 5.0 2.5 466 0 9.0899959952312689E18 1.0E-5
5 5.0 2.5 463 0 1.96469008565471027E18 1.0E-5
6 5.0 2.5 469 0 6.003672232990292E18 1.0E-5
7 5.0 2.5 451 0 4.7613232566231255E18 1.0E-5
8 5.0 2.5 454 0 5.9251591016948285E18 1.0E-5
9 5.0 2.5 439 0 5.4320430459591762E18 1.0E-5
10 5.0 2.5 457 0 4.1782691810133617E18 1.0E-5
11 5.0 2.5 463 0 4.3421850646487552E17 1.0E-5
0 5.0 3.5 373 0 1.58659544351558656E18 1.0E-5
1 5.0 3.5 397 0 3.3141360818334372E18 1.0E-5
2 5.0 3.5 415 0 1.90757498367593779E18 1.0E-5
3 5.0 3.5 409 0 8.8975442259538596E18 1.0E-5
4 5.0 3.5 418 0 9.0899959952312689E18 1.0E-5
5 5.0 3.5 391 0 1.96469008565471027E18 1.0E-5
6 5.0 3.5 400 0 6.003672232990292E18 1.0E-5
7 5.0 3.5 412 0 4.7613232566231255E18 1.0E-5
8 5.0 3.5 424 0 5.9251591016948285E18 1.0E-5
9 5.0 3.5 412 0 5.4320430459591762E18 1.0E-5
10 5.0 3.5 409 0 4.1782691810133617E18 1.0E-5
11 5.0 3.5 403 0 4.3421850646487552E17 1.0E-5
0 5.0 4.5 370 0 1.58659544351558656E18 1.0E-5
1 5.0 4.5 370 0 3.3141360818334372E18 1.0E-5
2 5.0 4.5 373 0 1.90757498367593779E18 1.0E-5
3 5.0 4.5 370 0 8.8975442259538596E18 1.0E-5
4 5.0 4.5 382 0 9.0899959952312689E18 1.0E-5
5 5.0 4.5 400 0 1.96469008565471027E18 1.0E-5
6 5.0 4.5 370 0 6.003672232990292E18 1.0E-5
7 5.0 4.5 400 0 4.7613232566231255E18 1.0E-5
8 5.0 4.5 385 0 5.9251591016948285E18 1.0E-5
9 5.0 4.5 373 0 5.4320430459591762E18 1.0E-5
10 5.0 4.5 376 0 4.1782691810133617E18 1.0E-5
11 5.0 4.5 373 0 4.3421850646487552E17 1.0E-5
0 5.0 5.5 370 0 1.58659544351558656E18 1.0E-5
1 5.0 5.5 367 0 3.3141360818334372E18 1.0E-5
2 5.0 5.5 349 0 1.90757498367593779E18 1.0E-5
3 5.0 5.5 352 0 8.8975442259538596E18 1.0E-5
4 5.0 5.5 346 0 9.0899959952312689E18 1.0E-5
5 5.0 5.5 370 0 1.96469008565471027E18 1.0E-5
6 5.0 5.5 322 0 6.003672232990292E18 1.0E-5
7 5.0 5.5 343 0 4.7613232566231255E18 1.0E-5
8 5.0 5.5 355 0 5.9251591016948285E18 1.0E-5
9 5.0 5.5 352 0 5.4320430459591762E18 1.0E-5
10 5.0 5.5 361 0 4.1782691810133617E18 1.0E-5
11 5.0 5.5 367 0 4.3421850646487552E17 1.0E-5
0 5.0 6.5 322 0 1.58659544351558656E18 1.0E-5
1 5.0 6.5 322 0 3.3141360818334372E18 1.0E-5
2 5.0 6.5 319 0 1.90757498367593779E18 1.0E-5
3 5.0 6.5 349 0 8.8975442259538596E18 1.0E-5
4 5.0 6.5 331 0 9.0899959952312689E18 1.0E-5
5 5.0 6.5 343 0 1.96469008565471027E18 1.0E-5
6 5.0 6.5 343 0 6.003672232990292E18 1.0E-5
7 5.0 6.5 349 0 4.7613232566231255E18 1.0E-5
8 5.0 6.5 307 0 5.9251591016948285E18 1.0E-5
9 5.0 6.5 340 0 5.4320430459591762E18 1.0E-5
10 5.0 6.5 319 0 4.1782691810133617E18 1.0E-5
11 5.0 6.5 346 0 4.3421850646487552E17 1.0E-5
0 5.5 0.5 2000 3 1.58659544351558656E18 1.0E-5
1 5.5 0.5 2000 1 3.3141360818334372E18 1.0E-5
2 5.5 0.5 2000 1 1.90757498367593779E18 1.0E-5
3 5.5 0.5 2000 1 8.8975442259538596E18 1.0E-5
4 5.5 0.5 2000 1 9.0899959952312689E18 1.0E-5
5 5.5 0.5 2000 1 1.96469008565471027E18 1.0E-5
6 5.5 0.5 1936 0 6.003672232990292E18 1.0E-5
7 5.5 0.5 2000 1 4.7613232566231255E18 1.0E-5
8 5.5 0.5 2000 1 5.9251591016948285E18 1.0E-5
9 5.5 0.5 2000 1 5.4320430459591762E18 1.0E-5
10 5.5 0.5 1864 0 4.1782691810133617E18 1.0E-5
11 5.5 0.5 2000 1 4.3421850646487552E17 1.0E-5
0 5.5 1.5 607 0 1.58659544351558656E18 1.0E-5
1 5.5 1.5 613 0 3.3141360818334372E18 1.0E-5
2 5.5 1.5 619 0 1.90757498367593779E18 1.0E-5
3 5.5 1.5 622 0 8.8975442259538596E18 1.0E-5
4 5.5 1.5 619 0 9.0899959952312689E18 1.0E-5
5 5.5 1.5 649 0 1.96469008565471027E18 1.0E-5
6 5.5 1.5 661 0 6.003672232990292E18 1.0E-5
7 5.5 1.5 655 0 4.7613232566231255E18 1.0E-5
8 5.5 1.5 658 0 5.9251591016948285E18 1.0E-5
9 5.5 1.5 619 0 5.4320430459591762E18 1.0E-5
10 5.5 1.5 598 0 4.1782691810133617E18 1.0E-5
11 5.5 1.5 586 0 4.3421850646487552E17 1.0E-5
0 5.5 2.5 451 0 1.58659544351558656E18 1.0E-5
1 5.5 2.5 469 0 3.3141360818334372E18 1.0E-5
2 5.5 2.5 466 0 1.90757498367593779E18 1.0E-5
3 5.5 2.5 463 0 8.8975442259538596E18 1.0E-5
4 5.5 2.5 478 0 9.0899959952312689E18 1.0E-5
5 5.5 2.5 466 0 1.96469008565471027E18 1.0E-5
6 5.5 2.5 439 0 6.003672232990292E18 1.0E-5
7 5.5 2.5 445 0 4.7613232566231255E18 1.0E-5
8 5.5 2.5 472 0 5.9251591016948285E18 1.0E-5
9 5.5 2.5 454 0 5.4320430459591762E18 1.0E-5
10 5.5 2.5 469 0 4.1782691810133617E18 1.0E-5
11 5.5 2.5 463 0 4.3421850646487552E17 1.0E-5
0 5.5 3.5 400 0 1.58659544351558656E18 1.0E-5
1 5.5 3.5 388 0 3.3141360818334372E18 1.0E-5
2 5.5 3.5 427 0 1.90757498367593779E18 1.0E-5
3 5.5 3.5 415 0 8.8975442259538596E18 1.0E-5
4 5.5 3.5 403 0 9.0899959952312689E18 1.0E-5
5 5.5 3.5 412 0 1.96469008565471027E18 1.0E-5
6 5.5 3.5 403 0 6.003672232990292E18 1.0E-5
7 5.5 3.5 412 0 4.7613232566231255E18 1.0E-5
8 5.5 3.5 415 0 5.9251591016948285E18 1.0E-5
9 5.5 3.5 412 0 5.4320430459591762E18 1.0E-5
10 5.5 3.5 394 0 4.1782691810133617E18 1.0E-5
11 5.5 3.5 403 0 4.3421850646487552E17 1.0E-5
0 5.5 4.5 364 0 1.58659544351558656E18 1.0E-5
1 5.5 4.5 367 0 3.3141360818334372E18 1.0E-5
2 5.5 4.5 382 0 1.90757498367593779E18 1.0E-5
3 5.5 4.5 382 0 8.8975442259538596E18 1.0E-5
4 5.5 4.5 385 0 9.0899959952312689E18 1.0E-5
5 5.5 4.5 397 0 1.96469008565471027E18 1.0E-5
6 5.5 4.5 385 0 6.003672232990292E18 1.0E-5
7 5.5 4.5 391 0 4.7613232566231255E18 1.0E-5
8 5.5 4.5 385 0 5.9251591016948285E18 1.0E-5
9 5.5 4.5 343 0 5.4320430459591762E18 1.0E-5
10 5.5 4.5 370 0 4.1782691810133617E18 1.0E-5
11 5.5 4.5 388 0 4.3421850646487552E17 1.0E-5
0 5.5 5.5 355 0 1.58659544351558656E18 1.0E-5
1 5.5 5.5 364 0 3.3141360818334372E18 1.0E-5
2 5.5 5.5 355 0 1.90757498367593779E18 1.0E-5
3 5.5 5.5 358 0 8.8975442259538596E18 1.0E-5
4 5.5 5.5 364 0 9.0899959952312689E18 1.0E-5
5 5.5 5.5 388 0 1.96469008565471027E18 1.0E-5
6 5.5 5.5 349 0 6.003672232990292E18 1.0E-5
7 5.5 5.5 358 0 4.7613232566231255E18 1.0E-5
8 5.5 5.5 403 0 5.9251591016948285E18 1.0E-5
9 5.5 5.5 370 0 5.4320430459591762E18 1.0E-5
10 5.5 5.5 349 0 4.1782691810133617E18 1.0E-5
11 5.5 5.5 346 0 4.3421850646487552E17 1.0E-5
0 5.5 6.5 328 0 1.58659544351558656E18 1.0E-5
1 5.5 6.5 334 0 3.3141360818334372E18 1.0E-5
2 5.5 6.5 343 0 1.90757498367593779E18 1.0E-5
3 5.5 6.5 343 0 8.8975442259538596E18 1.0E-5
4 5.5 6.5 334 0 9.0899959952312689E18 1.0E-5
5 5.5 6.5 367 0 1.96469008565471027E18 1.0E-5
6 5.5 6.5 343 0 6.003672232990292E18 1.0E-5
7 5.5 6.5 334 0 4.7613232566231255E18 1.0E-5
8 5.5 6.5 337 0 5.9251591016948285E18 1.0E-5
9 5.5 6.5 361 0 5.4320430459591762E18 1.0E-5
10 5.5 6.5 316 0 4.1782691810133617E18 1.0E-5
11 5.5 6.5 355 0 4.3421850646487552E17 1.0E-5
0 6.0 0.5 2000 5 1.58659544351558656E18 1.0E-5
1 6.0 0.5 2000 3 3.3141360818334372E18 1.0E-5
2 6.0 0.5 2000 3 1.90757498367593779E18 1.0E-5
3 6.0 0.5 2000 6 8.8975442259538596E18 1.0E-5
4 6.0 0.5 2000 7 9.0899959952312689E18 1.0E-5
5 6.0 0.5 2000 1 1.96469008565471027E18 1.0E-5
6 6.0 0.5 2000 4 6.003672232990292E18 1.0E-5
7 6.0 0.5 2000 9 4.7613232566231255E18 1.0E-5
8 6.0 0.5 2000 1 5.9251591016948285E18 1.0E-5
9 6.0 0.5 2000 2 5.4320430459591762E18 1.0E-5
10 6.0 0.5 2000 3 4.1782691810133617E18 1.0E-5
11 6.0 0.5 2000 2 4.3421850646487552E17 1.0E-5
0 6.0 1.5 640 0 1.58659544351558656E18 1.0E-5
1 6.0 1.5 703 0 3.3141360818334372E18 1.0E-5
2 6.0 1.5 643 0 1.90757498367593779E18 1.0E-5
3 6.0 1.5 616 0 8.8975442259538596E18 1.0E-5
4 6.0 1.5 661 0 9.0899959952312689E18 1.0E-5
5 6.0 1.5 619 0 1.96469008565471027E18 1.0E-5
6 6.0 1.5 640 0 6.003672232990292E18 1.0E-5
7 6.0 1.5 619 0 4.7613232566231255E18 1.0E-5
8 6.0 1.5 631 0 5.9251591016948285E18 1.0E-5
9 6.0 1.5 640 0 5.4320430459591762E18 1.0E-5
10 6.0 1.5 613 0 4.1782691810133617E18 1.0E-5
11 6.0 1.5 649 0 4.3421850646487552E17 1.0E-5
0 6.0 2.5 466 0 1.58659544351558656E18 1.0E-5
1 6.0 2.5 457 0 3.3141360818334372E18 1.0E-5
2 6.0 2.5 475 0 1.90757498367593779E18 1.0E-5
3 6.0 2.5 466 0 8.8975442259538596E18 1.0E-5
4 6.0 2.5 475 0 9.0899959952312689E18 1.0E-5
5 6.0 2.5 472 0 1.96469008565471027E18 1.0E-5
6 6.0 2.5 472 0 6.003672232990292E18 1.0E-5
7 6.0 2.5 469 0 4.7613232566231255E18 1.0E-5
8 6.0 2.5 514 0 5.9251591016948285E18 1.0E-5
9 6.0 2.5 487 0 5.4320430459591762E18 1.0E-5
10 6.0 2.5 460 0 4.1782691810133617E18 1.0E-5
11 6.0 2.5 472 0 4.3421850646487552E17 1.0E-5
0 6.0 3.5 415 0 1.58659544351558656E18 1.0E-5
1 6.0 3.5 391 0 3.3141360818334372E18 1.0E-5
2 6.0 3.5 406 0 1.90757498367593779E18 1.0E-5
3 6.0 3.5 445 0 8.8975442259538596E18 1.0E-5
4 6.0 3.5 400 0 9.0899959952312689E18 1.0E-5
5 6.0 3.5 406 0 1.96469008565471027E18 1.0E-5
6 6.0 3.5 394 0 6.003672232990292E18 1.0E-5
7 6.0 3.5 415 0 4.7613232566231255E18 1.0E-5
8 6.0 3.5 412 0 5.9251591016948285E18 1.0E-5
9 6.0 3.5 418 0 5.4320430459591762E18 1.0E-5
10 6.0 3.5 385 0 4.1782691810133617E18 1.0E-5
11 6.0 3.5 406 0 4.3421850646487552E17 1.0E-5
0 6.0 4.5 367 0 1.58659544351558656E18 1.0E-5
1 6.0 4.5 382 0 3.3141360818334372E18 1.0E-5
2 6.0 4.5 391 0 1.90757498367593779E18 1.0E-5
3 6.0 4.5 382 0 8.8975442259538596E18 1.0E-5
4 6.0 4.5 379 0 9.0899959952312689E18 1.0E-5
5 6.0 4.5 388 0 1.96469008565471027E18 1.0E-5
6 6.0 4.5 364 0 6.003672232990292E18 1.0E-5
7 6.0 4.5 364 0 4.7613232566231255E18 1.0E-5
8 6.0 4.5 385 0 5.9251591016948285E18 1.0E-5
9 6.0 4.5 400 0 5.4320430459591762E18 1.0E-5
10 6.0 4.5 373 0 4.1782691810133617E18 1.0E-5
11 6.0 4.5 364 0 4.3421850646487552E17 1.0E-5
0 6.0 5.5 355 0 1.58659544351558656E18 1.0E-5
1 6.0 5.5 346 0 3.3141360818334372E18 1.0E-5
2 6.0 5.5 352 0 1.90757498367593779E18 1.0E-5
3 6.0 5.5 358 0 8.8975442259538596E18 1.0E-5
4 6.0 5.5 364 0 9.0899959952312689E18 1.0E-5
5 6.0 5.5 361 0 1.96469008565471027E18 1.0E-5
6 6.0 5.5 370 0 6.003672232990292E18 1.0E-5
7 6.0 5.5 364 0 4.7613232566231255E18 1.0E-5
8 6.0 5.5 352 0 5.9251591016948285E18 1.0E-5
9 6.0 5.5 355 0 5.4320430459591762E18 1.0E-5
10 6.0 5.5 340 0 4.1782691810133617E18 1.0E-5
11 6.0 5.5 352 0 4.3421850646487552E17 1.0E-5
0 6.0 6.5 328 0 1.58659544351558656E18 1.0E-5
1 6.0 6.5 337 0 3.3141360818334372E18 1.0E-5
2 6.0 6.5 322 0 1.90757498367593779E18 1.0E-5
3 6.0 6.5 349 0 8.8975442259538596E18 1.0E-5
4 6.0 6.5 337 0 9.0899959952312689E18 1.0E-5
5 6.0 6.5 367 0 1.96469008565471027E18 1.0E-5
6 6.0 6.5 334 0 6.003672232990292E18 1.0E-5
7 6.0 6.5 325 0 4.7613232566231255E18 1.0E-5
8 6.0 6.5 346 0 5.9251591016948285E18 1.0E-5
9 6.0 6.5 349 0 5.4320430459591762E18 1.0E-5
10 6.0 6.5 322 0 4.1782691810133617E18 1.0E-5
11 6.0 6.5 331 0 4.3421850646487552E17 1.0E-5
