0 0.0 0.5 1456 0 5.4570822150116946E18 0.50001
1 0.0 0.5 1345 0 7.6633780905501082E17 0.50001
2 0.0 0.5 1462 0 1.37723512879849472E17 0.50001
3 0.0 0.5 1606 0 5.8606208952262277E18 0.50001
4 0.0 0.5 1198 0 2.10402500151278694E18 0.50001
5 0.0 0.5 1648 0 3.3699451265416294E17 0.50001
6 0.0 0.5 1255 0 1.06856973428045926E18 0.50001
7 0.0 0.5 1453 0 8.0807641096833024E18 0.50001
8 0.0 0.5 1657 0 3.6060319166400143E18 0.50001
9 0.0 0.5 1741 0 2.20243715685581107E18 0.50001
10 0.0 0.5 1363 0 1.48727503014941082E18 0.50001
11 0.0 0.5 1291 0 6.6604542718670029E18 0.50001
0 0.0 1.5 490 0 5.4570822150116946E18 0.50001
1 0.0 1.5 457 0 7.6633780905501082E17 0.50001
2 0.0 1.5 481 0 1.37723512879849472E17 0.50001
3 0.0 1.5 478 0 5.8606208952262277E18 0.50001
4 0.0 1.5 487 0 2.10402500151278694E18 0.50001
5 0.0 1.5 478 0 3.3699451265416294E17 0.50001
6 0.0 1.5 448 0 1.06856973428045926E18 0.50001
7 0.0 1.5 475 0 8.0807641096833024E18 0.50001
8 0.0 1.5 487 0 3.6060319166400143E18 0.50001
9 0.0 1.5 466 0 2.20243715685581107E18 0.50001
10 0.0 1.5 469 0 1.48727503014941082E18 0.50001
11 0.0 1.5 487 0 6.6604542718670029E18 0.50001
0 0.0 2.5 382 0 5.4570822150116946E18 0.50001
1 0.0 2.5 364 0 7.6633780905501082E17 0.50001
2 0.0 2.5 370 0 1.37723512879849472E17 0.50001
3 0.0 2.5 382 0 5.8606208952262277E18 0.50001
4 0.0 2.5 385 0 2.10402500151278694E18 0.50001
5 0.0 2.5 391 0 3.3699451265416294E17 0.50001
6 0.0 2.5 397 0 1.06856973428045926E18 0.50001
7 0.0 2.5 397 0 8.0807641096833024E18 0.50001
8 0.0 2.5 361 0 3.6060319166400143E18 0.50001
9 0.0 2.5 379 0 2.20243715685581107E18 0.50001
10 0.0 2.5 394 0 1.48727503014941082E18 0.50001
11 0.0 2.5 370 0 6.6604542718670029E18 0.50001
0 0.0 3.5 403 0 5.4570822150116946E18 0.50001
1 0.0 3.5 382 0 7.6633780905501082E17 0.50001
2 0.0 3.5 364 0 1.37723512879849472E17 0.50001
3 0.0 3.5 379 0 5.8606208952262277E18 0.50001
4 0.0 3.5 385 0 2.10402500151278694E18 0.50001
5 0.0 3.5 379 0 3.3699451265416294E17 0.50001
6 0.0 3.5 364 0 1.06856973428045926E18 0.50001
7 0.0 3.5 364 0 8.0807641096833024E18 0.50001
8 0.0 3.5 373 0 3.6060319166400143E18 0.50001
9 0.0 3.5 358 0 2.20243715685581107E18 0.50001
10 0.0 3.5 373 0 1.48727503014941082E18 0.50001
11 0.0 3.5 370 0 6.6604542718670029E18 0.50001
0 0.0 4.5 427 0 5.4570822150116946E18 0.50001
1 0.0 4.5 382 0 7.6633780905501082E17 0.50001
2 0.0 4.5 391 0 1.37723512879849472E17 0.50001
3 0.0 4.5 385 0 5.8606208952262277E18 0.50001
4 0.0 4.5 415 0 2.10402500151278694E18 0.50001
5 0.0 4.5 400 0 3.3699451265416294E17 0.50001
6 0.0 4.5 403 0 1.06856973428045926E18 0.50001
7 0.0 4.5 379 0 8.0807641096833024E18 0.50001
8 0.0 4.5 388 0 3.6060319166400143E18 0.50001
9 0.0 4.5 391 0 2.20243715685581107E18 0.50001
10 0.0 4.5 382 0 1.48727503014941082E18 0.50001
11 0.0 4.5 400 0 6.6604542718670029E18 0.50001
0 0.0 5.5 457 0 5.4570822150116946E18 0.50001
1 0.0 5.5 400 0 7.6633780905501082E17 0.50001
2 0.0 5.5 394 0 1.37723512879849472E17 0.50001
3 0.0 5.5 424 0 5.8606208952262277E18 0.50001
4 0.0 5.5 454 0 2.10402500151278694E18 0.50001
5 0.0 5.5 409 0 3.3699451265416294E17 0.50001
6 0.0 5.5 409 0 1.06856973428045926E18 0.50001
7 0.0 5.5 406 0 8.0807641096833024E18 0.50001
8 0.0 5.5 409 0 3.6060319166400143E18 0.50001
9 0.0 5.5 433 0 2.20243715685581107E18 0.50001
10 0.0 5.5 424 0 1.48727503014941082E18 0.50001
11 0.0 5.5 415 0 6.6604542718670029E18 0.50001
0 0.0 6.5 493 0 5.4570822150116946E18 0.50001
1 0.0 6.5 436 0 7.6633780905501082E17 0.50001
2 0.0 6.5 418 0 1.37723512879849472E17 0.50001
3 0.0 6.5 454 0 5.8606208952262277E18 0.50001
4 0.0 6.5 460 0 2.10402500151278694E18 0.50001
5 0.0 6.5 451 0 3.3699451265416294E17 0.50001
6 0.0 6.5 457 0 1.06856973428045926E18 0.50001
7 0.0 6.5 436 0 8.0807641096833024E18 0.50001
8 0.0 6.5 439 0 3.6060319166400143E18 0.50001
9 0.0 6.5 439 0 2.20243715685581107E18 0.50001
10 0.0 6.5 433 0 1.48727503014941082E18 0.50001
11 0.0 6.5 439 0 6.6604542718670029E18 0.50001
0 0.5 0.5 1357 0 5.4570822150116946E18 0.50001
1 0.5 0.5 1195 0 7.6633780905501082E17 0.50001
2 0.5 0.5 1189 0 1.37723512879849472E17 0.50001
3 0.5 0.5 1402 0 5.8606208952262277E18 0.50001
4 0.5 0.5 1378 0 2.10402500151278694E18 0.50001
5 0.5 0.5 1240 0 3.3699451265416294E17 0.50001
6 0.5 0.5 1489 0 1.06856973428045926E18 0.50001
7 0.5 0.5 1486 0 8.0807641096833024E18 0.50001
8 0.5 0.5 1441 0 3.6060319166400143E18 0.50001
9 0.5 0.5 1189 0 2.20243715685581107E18 0.50001
10 0.5 0.5 1387 0 1.48727503014941082E18 0.50001
11 0.5 0.5 1375 0 6.6604542718670029E18 0.50001
0 0.5 1.5 487 0 5.4570822150116946E18 0.50001
1 0.5 1.5 460 0 7.6633780905501082E17 0.50001
2 0.5 1.5 469 0 1.37723512879849472E17 0.50001
3 0.5 1.5 457 0 5.8606208952262277E18 0.50001
4 0.5 1.5 496 0 2.10402500151278694E18 0.50001
5 0.5 1.5 466 0 3.3699451265416294E17 0.50001
6 0.5 1.5 451 0 1.06856973428045926E18 0.50001
7 0.5 1.5 457 0 8.0807641096833024E18 0.50001
8 0.5 1.5 502 0 3.6060319166400143E18 0.50001
9 0.5 1.5 475 0 2.20243715685581107E18 0.50001
10 0.5 1.5 460 0 1.48727503014941082E18 0.50001
11 0.5 1.5 463 0 6.6604542718670029E18 0.50001
0 0.5 2.5 400 0 5.4570822150116946E18 0.50001
1 0.5 2.5 364 0 7.6633780905501082E17 0.50001
2 0.5 2.5 370 0 1.37723512879849472E17 0.50001
3 0.5 2.5 373 0 5.8606208952262277E18 0.50001
4 0.5 2.5 391 0 2.10402500151278694E18 0.50001
5 0.5 2.5 361 0 3.3699451265416294E17 0.50001
6 0.5 2.5 376 0 1.06856973428045926E18 0.50001
7 0.5 2.5 385 0 8.0807641096833024E18 0.50001
8 0.5 2.5 382 0 3.6060319166400143E18 0.50001
9 0.5 2.5 385 0 2.20243715685581107E18 0.50001
10 0.5 2.5 379 0 1.48727503014941082E18 0.50001
11 0.5 2.5 397 0 6.6604542718670029E18 0.50001
0 0.5 3.5 418 0 5.4570822150116946E18 0.50001
1 0.5 3.5 370 0 7.6633780905501082E17 0.50001
2 0.5 3.5 379 0 1.37723512879849472E17 0.50001
3 0.5 3.5 367 0 5.8606208952262277E18 0.50001
4 0.5 3.5 376 0 2.10402500151278694E18 0.50001
5 0.5 3.5 367 0 3.3699451265416294E17 0.50001
6 0.5 3.5 385 0 1.06856973428045926E18 0.50001
7 0.5 3.5 376 0 8.0807641096833024E18 0.50001
8 0.5 3.5 370 0 3.6060319166400143E18 0.50001
9 0.5 3.5 361 0 2.20243715685581107E18 0.50001
10 0.5 3.5 382 0 1.48727503014941082E18 0.50001
11 0.5 3.5 385 0 6.6604542718670029E18 0.50001
0 0.5 4.5 415 0 5.4570822150116946E18 0.50001
1 0.5 4.5 391 0 7.6633780905501082E17 0.50001
2 0.5 4.5 388 0 1.37723512879849472E17 0.50001
3 0.5 4.5 391 0 5.8606208952262277E18 0.50001
4 0.5 4.5 388 0 2.10402500151278694E18 0.50001
5 0.5 4.5 406 0 3.3699451265416294E17 0.50001
6 0.5 4.5 382 0 1.06856973428045926E18 0.50001
7 0.5 4.5 394 0 8.0807641096833024E18 0.50001
8 0.5 4.5 391 0 3.6060319166400143E18 0.50001
9 0.5 4.5 388 0 2.20243715685581107E18 0.50001
10 0.5 4.5 415 0 1.48727503014941082E18 0.50001
11 0.5 4.5 403 0 6.6604542718670029E18 0.50001
0 0.5 5.5 463 0 5.4570822150116946E18 0.50001
1 0.5 5.5 415 0 7.6633780905501082E17 0.50001
2 0.5 5.5 400 0 1.37723512879849472E17 0.50001
3 0.5 5.5 442 0 5.8606208952262277E18 0.50001
4 0.5 5.5 433 0 2.10402500151278694E18 0.50001
5 0.5 5.5 409 0 3.3699451265416294E17 0.50001
6 0.5 5.5 412 0 1.06856973428045926E18 0.50001
7 0.5 5.5 400 0 8.0807641096833024E18 0.50001
8 0.5 5.5 403 0 3.6060319166400143E18 0.50001
9 0.5 5.5 415 0 2.20243715685581107E18 0.50001
10 0.5 5.5 415 0 1.48727503014941082E18 0.50001
11 0.5 5.5 424 0 6.6604542718670029E18 0.50001
0 0.5 6.5 484 0 5.4570822150116946E18 0.50001
1 0.5 6.5 448 0 7.6633780905501082E17 0.50001
2 0.5 6.5 427 0 1.37723512879849472E17 0.50001
3 0.5 6.5 466 0 5.8606208952262277E18 0.50001
4 0.5 6.5 478 0 2.10402500151278694E18 0.50001
5 0.5 6.5 451 0 3.3699451265416294E17 0.50001
6 0.5 6.5 436 0 1.06856973428045926E18 0.50001
7 0.5 6.5 424 0 8.0807641096833024E18 0.50001
8 0.5 6.5 448 0 3.6060319166400143E18 0.50001
9 0.5 6.5 439 0 2.20243715685581107E18 0.50001
10 0.5 6.5 439 0 1.48727503014941082E18 0.50001
11 0.5 6.5 448 0 6.6604542718670029E18 0.50001
0 1.0 0.5 1399 0 5.4570822150116946E18 0.50001
1 1.0 0.5 1330 0 7.6633780905501082E17 0.50001
2 1.0 0.5 1468 0 1.37723512879849472E17 0.50001
3 1.0 0.5 1597 0 5.8606208952262277E18 0.50001
4 1.0 0.5 1450 0 2.10402500151278694E18 0.50001
5 1.0 0.5 1405 0 3.3699451265416294E17 0.50001
6 1.0 0.5 1471 0 1.06856973428045926E18 0.50001
7 1.0 0.5 1726 0 8.0807641096833024E18 0.50001
8 1.0 0.5 1417 0 3.6060319166400143E18 0.50001
9 1.0 0.5 1300 0 2.20243715685581107E18 0.50001
10 1.0 0.5 1279 0 1.48727503014941082E18 0.50001
11 1.0 0.5 1585 0 6.6604542718670029E18 0.50001
0 1.0 1.5 502 0 5.4570822150116946E18 0.50001
1 1.0 1.5 451 0 7.6633780905501082E17 0.50001
2 1.0 1.5 499 0 1.37723512879849472E17 0.50001
3 1.0 1.5 469 0 5.8606208952262277E18 0.50001
4 1.0 1.5 469 0 2.10402500151278694E18 0.50001
5 1.0 1.5 466 0 3.3699451265416294E17 0.50001
6 1.0 1.5 463 0 1.06856973428045926E18 0.50001
7 1.0 1.5 457 0 8.0807641096833024E18 0.50001
8 1.0 1.5 487 0 3.6060319166400143E18 0.50001
9 1.0 1.5 454 0 2.20243715685581107E18 0.50001
10 1.0 1.5 457 0 1.48727503014941082E18 0.50001
11 1.0 1.5 466 0 6.6604542718670029E18 0.50001
0 1.0 2.5 406 0 5.4570822150116946E18 0.50001
1 1.0 2.5 376 0 7.6633780905501082E17 0.50001
2 1.0 2.5 373 0 1.37723512879849472E17 0.50001
3 1.0 2.5 373 0 5.8606208952262277E18 0.50001
4 1.0 2.5 394 0 2.10402500151278694E18 0.50001
5 1.0 2.5 367 0 3.3699451265416294E17 0.50001
6 1.0 2.5 373 0 1.06856973428045926E18 0.50001
7 1.0 2.5 373 0 8.0807641096833024E18 0.50001
8 1.0 2.5 379 0 3.6060319166400143E18 0.50001
9 1.0 2.5 388 0 2.20243715685581107E18 0.50001
10 1.0 2.5 391 0 1.48727503014941082E18 0.50001
11 1.0 2.5 397 0 6.6604542718670029E18 0.50001
0 1.0 3.5 406 0 5.4570822150116946E18 0.50001
1 1.0 3.5 367 0 7.6633780905501082E17 0.50001
2 1.0 3.5 367 0 1.37723512879849472E17 0.50001
3 1.0 3.5 382 0 5.8606208952262277E18 0.50001
4 1.0 3.5 406 0 2.10402500151278694E18 0.50001
5 1.0 3.5 385 0 3.3699451265416294E17 0.50001
6 1.0 3.5 370 0 1.06856973428045926E18 0.50001
7 1.0 3.5 373 0 8.0807641096833024E18 0.50001
8 1.0 3.5 364 0 3.6060319166400143E18 0.50001
9 1.0 3.5 376 0 2.20243715685581107E18 0.50001
10 1.0 3.5 358 0 1.48727503014941082E18 0.50001
11 1.0 3.5 391 0 6.6604542718670029E18 0.50001
0 1.0 4.5 430 0 5.4570822150116946E18 0.50001
1 1.0 4.5 373 0 7.6633780905501082E17 0.50001
2 1.0 4.5 379 0 1.37723512879849472E17 0.50001
3 1.0 4.5 400 0 5.8606208952262277E18 0.50001
4 1.0 4.5 418 0 2.10402500151278694E18 0.50001
5 1.0 4.5 412 0 3.3699451265416294E17 0.50001
6 1.0 4.5 418 0 1.06856973428045926E18 0.50001
7 1.0 4.5 379 0 8.0807641096833024E18 0.50001
8 1.0 4.5 385 0 3.6060319166400143E18 0.50001
9 1.0 4.5 394 0 2.20243715685581107E18 0.50001
10 1.0 4.5 403 0 1.48727503014941082E18 0.50001
11 1.0 4.5 409 0 6.6604542718670029E18 0.50001
0 1.0 5.5 448 0 5.4570822150116946E18 0.50001
1 1.0 5.5 427 0 7.6633780905501082E17 0.50001
2 1.0 5.5 412 0 1.37723512879849472E17 0.50001
3 1.0 5.5 427 0 5.8606208952262277E18 0.50001
4 1.0 5.5 433 0 2.10402500151278694E18 0.50001
5 1.0 5.5 433 0 3.3699451265416294E17 0.50001
6 1.0 5.5 442 0 1.06856973428045926E18 0.50001
7 1.0 5.5 397 0 8.0807641096833024E18 0.50001
8 1.0 5.5 430 0 3.6060319166400143E18 0.50001
9 1.0 5.5 421 0 2.20243715685581107E18 0.50001
10 1.0 5.5 424 0 1.48727503014941082E18 0.50001
11 1.0 5.5 412 0 6.6604542718670029E18 0.50001
0 1.0 6.5 484 0 5.4570822150116946E18 0.50001
1 1.0 6.5 430 0 7.6633780905501082E17 0.50001
2 1.0 6.5 472 0 1.37723512879849472E17 0.50001
3 1.0 6.5 466 0 5.8606208952262277E18 0.50001
4 1.0 6.5 466 0 2.10402500151278694E18 0.50001
5 1.0 6.5 463 0 3.3699451265416294E17 0.50001
6 1.0 6.5 430 0 1.06856973428045926E18 0.50001
7 1.0 6.5 436 0 8.0807641096833024E18 0.50001
8 1.0 6.5 442 0 3.6060319166400143E18 0.50001
9 1.0 6.5 442 0 2.20243715685581107E18 0.50001
10 1.0 6.5 457 0 1.48727503014941082E18 0.50001
11 1.0 6.5 457 0 6.6604542718670029E18 0.50001
0 1.5 0.5 1360 0 5.4570822150116946E18 0.50001
1 1.5 0.5 1396 0 7.6633780905501082E17 0.50001
2 1.5 0.5 1426 0 1.37723512879849472E17 0.50001
3 1.5 0.5 1345 0 5.8606208952262277E18 0.50001
4 1.5 0.5 1546 0 2.10402500151278694E18 0.50001
5 1.5 0.5 1444 0 3.3699451265416294E17 0.50001
6 1.5 0.5 1471 0 1.06856973428045926E18 0.50001
7 1.5 0.5 1408 0 8.0807641096833024E18 0.50001
8 1.5 0.5 1453 0 3.6060319166400143E18 0.50001
9 1.5 0.5 1240 0 2.20243715685581107E18 0.50001
10 1.5 0.5 1528 0 1.48727503014941082E18 0.50001
11 1.5 0.5 1657 0 6.6604542718670029E18 0.50001
0 1.5 1.5 505 0 5.4570822150116946E18 0.50001
1 1.5 1.5 484 0 7.6633780905501082E17 0.50001
2 1.5 1.5 472 0 1.37723512879849472E17 0.50001
3 1.5 1.5 475 0 5.8606208952262277E18 0.50001
4 1.5 1.5 451 0 2.10402500151278694E18 0.50001
5 1.5 1.5 451 0 3.3699451265416294E17 0.50001
6 1.5 1.5 469 0 1.06856973428045926E18 0.50001
7 1.5 1.5 478 0 8.0807641096833024E18 0.50001
8 1.5 1.5 487 0 3.6060319166400143E18 0.50001
9 1.5 1.5 463 0 2.20243715685581107E18 0.50001
10 1.5 1.5 460 0 1.48727503014941082E18 0.50001
11 1.5 1.5 493 0 6.6604542718670029E18 0.50001
0 1.5 2.5 436 0 5.4570822150116946E18 0.50001
1 1.5 2.5 388 0 7.6633780905501082E17 0.50001
2 1.5 2.5 385 0 1.37723512879849472E17 0.50001
3 1.5 2.5 382 0 5.8606208952262277E18 0.50001
4 1.5 2.5 388 0 2.10402500151278694E18 0.50001
5 1.5 2.5 370 0 3.3699451265416294E17 0.50001
6 1.5 2.5 373 0 1.06856973428045926E18 0.50001
7 1.5 2.5 367 0 8.0807641096833024E18 0.50001
8 1.5 2.5 388 0 3.6060319166400143E18 0.50001
9 1.5 2.5 391 0 2.20243715685581107E18 0.50001
10 1.5 2.5 385 0 1.48727503014941082E18 0.50001
11 1.5 2.5 406 0 6.6604542718670029E18 0.50001
0 1.5 3.5 397 0 5.4570822150116946E18 0.50001
1 1.5 3.5 355 0 7.6633780905501082E17 0.50001
2 1.5 3.5 382 0 1.37723512879849472E17 0.50001
3 1.5 3.5 382 0 5.8606208952262277E18 0.50001
4 1.5 3.5 382 0 2.10402500151278694E18 0.50001
5 1.5 3.5 379 0 3.3699451265416294E17 0.50001
6 1.5 3.5 370 0 1.06856973428045926E18 0.50001
7 1.5 3.5 379 0 8.0807641096833024E18 0.50001
8 1.5 3.5 370 0 3.6060319166400143E18 0.50001
9 1.5 3.5 400 0 2.20243715685581107E18 0.50001
10 1.5 3.5 382 0 1.48727503014941082E18 0.50001
11 1.5 3.5 379 0 6.6604542718670029E18 0.50001
0 1.5 4.5 418 0 5.4570822150116946E18 0.50001
1 1.5 4.5 397 0 7.6633780905501082E17 0.50001
2 1.5 4.5 406 0 1.37723512879849472E17 0.50001
3 1.5 4.5 415 0 5.8606208952262277E18 0.50001
4 1.5 4.5 394 0 2.10402500151278694E18 0.50001
5 1.5 4.5 400 0 3.3699451265416294E17 0.50001
6 1.5 4.5 412 0 1.06856973428045926E18 0.50001
7 1.5 4.5 388 0 8.0807641096833024E18 0.50001
8 1.5 4.5 394 0 3.6060319166400143E18 0.50001
9 1.5 4.5 400 0 2.20243715685581107E18 0.50001
10 1.5 4.5 385 0 1.48727503014941082E18 0.50001
11 1.5 4.5 400 0 6.6604542718670029E18 0.50001
0 1.5 5.5 439 0 5.4570822150116946E18 0.50001
1 1.5 5.5 433 0 7.6633780905501082E17 0.50001
2 1.5 5.5 412 0 1.37723512879849472E17 0.50001
3 1.5 5.5 430 0 5.8606208952262277E18 0.50001
4 1.5 5.5 436 0 2.10402500151278694E18 0.50001
5 1.5 5.5 430 0 3.3699451265416294E17 0.50001
6 1.5 5.5 433 0 1.06856973428045926E18 0.50001
7 1.5 5.5 412 0 8.0807641096833024E18 0.50001
8 1.5 5.5 424 0 3.6060319166400143E18 0.50001
9 1.5 5.5 418 0 2.20243715685581107E18 0.50001
10 1.5 5.5 412 0 1.48727503014941082E18 0.50001
11 1.5 5.5 430 0 6.6604542718670029E18 0.50001
0 1.5 6.5 514 0 5.4570822150116946E18 0.50001
1 1.5 6.5 436 0 7.6633780905501082E17 0.50001
2 1.5 6.5 445 0 1.37723512879849472E17 0.50001
3 1.5 6.5 448 0 5.8606208952262277E18 0.50001
4 1.5 6.5 469 0 2.10402500151278694E18 0.50001
5 1.5 6.5 439 0 3.3699451265416294E17 0.50001
6 1.5 6.5 442 0 1.06856973428045926E18 0.50001
7 1.5 6.5 448 0 8.0807641096833024E18 0.50001
8 1.5 6.5 451 0 3.6060319166400143E18 0.50001
9 1.5 6.5 433 0 2.20243715685581107E18 0.50001
10 1.5 6.5 454 0 1.48727503014941082E18 0.50001
11 1.5 6.5 427 0 6.6604542718670029E18 0.50001
0 2.0 0.5 1309 0 5.4570822150116946E18 0.50001
1 2.0 0.5 1369 0 7.6633780905501082E17 0.50001
2 2.0 0.5 1546 0 1.37723512879849472E17 0.50001
3 2.0 0.5 1597 0 5.8606208952262277E18 0.50001
4 2.0 0.5 1297 0 2.10402500151278694E18 0.50001
5 2.0 0.5 1312 0 3.3699451265416294E17 0.50001
6 2.0 0.5 1420 0 1.06856973428045926E18 0.50001
7 2.0 0.5 1390 0 8.0807641096833024E18 0.50001
8 2.0 0.5 1360 0 3.6060319166400143E18 0.50001
9 2.0 0.5 1360 0 2.20243715685581107E18 0.50001
10 2.0 0.5 1420 0 1.48727503014941082E18 0.50001
11 2.0 0.5 1294 0 6.6604542718670029E18 0.50001
0 2.0 1.5 475 0 5.4570822150116946E18 0.50001
1 2.0 1.5 469 0 7.6633780905501082E17 0.50001
2 2.0 1.5 481 0 1.37723512879849472E17 0.50001
3 2.0 1.5 481 0 5.8606208952262277E18 0.50001
4 2.0 1.5 493 0 2.10402500151278694E18 0.50001
5 2.0 1.5 469 0 3.3699451265416294E17 0.50001
6 2.0 1.5 460 0 1.06856973428045926E18 0.50001
7 2.0 1.5 484 0 8.0807641096833024E18 0.50001
8 2.0 1.5 475 0 3.6060319166400143E18 0.50001
9 2.0 1.5 469 0 2.20243715685581107E18 0.50001
10 2.0 1.5 460 0 1.48727503014941082E18 0.50001
11 2.0 1.5 481 0 6.6604542718670029E18 0.50001
0 2.0 2.5 406 0 5.4570822150116946E18 0.50001
1 2.0 2.5 379 0 7.6633780905501082E17 0.50001
2 2.0 2.5 376 0 1.37723512879849472E17 0.50001
3 2.0 2.5 400 0 5.8606208952262277E18 0.50001
4 2.0 2.5 385 0 2.10402500151278694E18 0.50001
5 2.0 2.5 382 0 3.3699451265416294E17 0.50001
6 2.0 2.5 376 0 1.06856973428045926E18 0.50001
7 2.0 2.5 391 0 8.0807641096833024E18 0.50001
8 2.0 2.5 394 0 3.6060319166400143E18 0.50001
9 2.0 2.5 391 0 2.20243715685581107E18 0.50001
10 2.0 2.5 379 0 1.48727503014941082E18 0.50001
11 2.0 2.5 394 0 6.6604542718670029E18 0.50001
0 2.0 3.5 406 0 5.4570822150116946E18 0.50001
1 2.0 3.5 367 0 7.6633780905501082E17 0.50001
2 2.0 3.5 394 0 1.37723512879849472E17 0.50001
3 2.0 3.5 373 0 5.8606208952262277E18 0.50001
4 2.0 3.5 385 0 2.10402500151278694E18 0.50001
5 2.0 3.5 367 0 3.3699451265416294E17 0.50001
6 2.0 3.5 364 0 1.06856973428045926E18 0.50001
7 2.0 3.5 388 0 8.0807641096833024E18 0.50001
8 2.0 3.5 385 0 3.6060319166400143E18 0.50001
9 2.0 3.5 406 0 2.20243715685581107E18 0.50001
10 2.0 3.5 394 0 1.48727503014941082E18 0.50001
11 2.0 3.5 406 0 6.6604542718670029E18 0.50001
0 2.0 4.5 433 0 5.4570822150116946E18 0.50001
1 2.0 4.5 403 0 7.6633780905501082E17 0.50001
2 2.0 4.5 382 0 1.37723512879849472E17 0.50001
3 2.0 4.5 412 0 5.8606208952262277E18 0.50001
4 2.0 4.5 439 0 2.10402500151278694E18 0.50001
5 2.0 4.5 406 0 3.3699451265416294E17 0.50001
6 2.0 4.5 388 0 1.06856973428045926E18 0.50001
7 2.0 4.5 394 0 8.0807641096833024E18 0.50001
8 2.0 4.5 403 0 3.6060319166400143E18 0.50001
9 2.0 4.5 403 0 2.20243715685581107E18 0.50001
10 2.0 4.5 418 0 1.48727503014941082E18 0.50001
11 2.0 4.5 412 0 6.6604542718670029E18 0.50001
0 2.0 5.5 457 0 5.4570822150116946E18 0.50001
1 2.0 5.5 424 0 7.6633780905501082E17 0.50001
2 2.0 5.5 418 0 1.37723512879849472E17 0.50001
3 2.0 5.5 424 0 5.8606208952262277E18 0.50001
4 2.0 5.5 451 0 2.10402500151278694E18 0.50001
5 2.0 5.5 433 0 3.3699451265416294E17 0.50001
6 2.0 5.5 421 0 1.06856973428045926E18 0.50001
7 2.0 5.5 436 0 8.0807641096833024E18 0.50001
8 2.0 5.5 403 0 3.6060319166400143E18 0.50001
9 2.0 5.5 427 0 2.20243715685581107E18 0.50001
10 2.0 5.5 424 0 1.48727503014941082E18 0.50001
11 2.0 5.5 445 0 6.6604542718670029E18 0.50001
0 2.0 6.5 490 0 5.4570822150116946E18 0.50001
1 2.0 6.5 466 0 7.6633780905501082E17 0.50001
2 2.0 6.5 457 0 1.37723512879849472E17 0.50001
3 2.0 6.5 463 0 5.8606208952262277E18 0.50001
4 2.0 6.5 496 0 2.10402500151278694E18 0.50001
5 2.0 6.5 475 0 3.3699451265416294E17 0.50001
6 2.0 6.5 439 0 1.06856973428045926E18 0.50001
7 2.0 6.5 442 0 8.0807641096833024E18 0.50001
8 2.0 6.5 439 0 3.6060319166400143E18 0.50001
9 2.0 6.5 448 0 2.20243715685581107E18 0.50001
10 2.0 6.5 442 0 1.48727503014941082E18 0.50001
11 2.0 6.5 445 0 6.6604542718670029E18 0.50001
0 2.5 0.5 1498 0 5.4570822150116946E18 0.50001
1 2.5 0.5 1351 0 7.6633780905501082E17 0.50001
2 2.5 0.5 1498 0 1.37723512879849472E17 0.50001
3 2.5 0.5 1675 0 5.8606208952262277E18 0.50001
4 2.5 0.5 1378 0 2.10402500151278694E18 0.50001
5 2.5 0.5 1288 0 3.3699451265416294E17 0.50001
6 2.5 0.5 1312 0 1.06856973428045926E18 0.50001
7 2.5 0.5 1387 0 8.0807641096833024E18 0.50001
8 2.5 0.5 1537 0 3.6060319166400143E18 0.50001
9 2.5 0.5 1516 0 2.20243715685581107E18 0.50001
10 2.5 0.5 1303 0 1.48727503014941082E18 0.50001
11 2.5 0.5 1618 0 6.6604542718670029E18 0.50001
0 2.5 1.5 505 0 5.4570822150116946E18 0.50001
1 2.5 1.5 487 0 7.6633780905501082E17 0.50001
2 2.5 1.5 463 0 1.37723512879849472E17 0.50001
3 2.5 1.5 463 0 5.8606208952262277E18 0.50001
4 2.5 1.5 457 0 2.10402500151278694E18 0.50001
5 2.5 1.5 463 0 3.3699451265416294E17 0.50001
6 2.5 1.5 460 0 1.06856973428045926E18 0.50001
7 2.5 1.5 460 0 8.0807641096833024E18 0.50001
8 2.5 1.5 520 0 3.6060319166400143E18 0.50001
9 2.5 1.5 490 0 2.20243715685581107E18 0.50001
10 2.5 1.5 472 0 1.48727503014941082E18 0.50001
11 2.5 1.5 487 0 6.6604542718670029E18 0.50001
0 2.5 2.5 427 0 5.4570822150116946E18 0.50001
1 2.5 2.5 370 0 7.6633780905501082E17 0.50001
2 2.5 2.5 421 0 1.37723512879849472E17 0.50001
3 2.5 2.5 391 0 5.8606208952262277E18 0.50001
4 2.5 2.5 388 0 2.10402500151278694E18 0.50001
5 2.5 2.5 391 0 3.3699451265416294E17 0.50001
6 2.5 2.5 370 0 1.06856973428045926E18 0.50001
7 2.5 2.5 403 0 8.0807641096833024E18 0.50001
8 2.5 2.5 379 0 3.6060319166400143E18 0.50001
9 2.5 2.5 388 0 2.20243715685581107E18 0.50001
10 2.5 2.5 388 0 1.48727503014941082E18 0.50001
11 2.5 2.5 403 0 6.6604542718670029E18 0.50001
0 2.5 3.5 397 0 5.4570822150116946E18 0.50001
1 2.5 3.5 376 0 7.6633780905501082E17 0.50001
2 2.5 3.5 385 0 1.37723512879849472E17 0.50001
3 2.5 3.5 391 0 5.8606208952262277E18 0.50001
4 2.5 3.5 394 0 2.10402500151278694E18 0.50001
5 2.5 3.5 400 0 3.3699451265416294E17 0.50001
6 2.5 3.5 388 0 1.06856973428045926E18 0.50001
7 2.5 3.5 382 0 8.0807641096833024E18 0.50001
8 2.5 3.5 376 0 3.6060319166400143E18 0.50001
9 2.5 3.5 406 0 2.20243715685581107E18 0.50001
10 2.5 3.5 385 0 1.48727503014941082E18 0.50001
11 2.5 3.5 376 0 6.6604542718670029E18 0.50001
0 2.5 4.5 439 0 5.4570822150116946E18 0.50001
1 2.5 4.5 385 0 7.6633780905501082E17 0.50001
2 2.5 4.5 403 0 1.37723512879849472E17 0.50001
3 2.5 4.5 415 0 5.8606208952262277E18 0.50001
4 2.5 4.5 406 0 2.10402500151278694E18 0.50001
5 2.5 4.5 406 0 3.3699451265416294E17 0.50001
6 2.5 4.5 397 0 1.06856973428045926E18 0.50001
7 2.5 4.5 391 0 8.0807641096833024E18 0.50001
8 2.5 4.5 400 0 3.6060319166400143E18 0.50001
9 2.5 4.5 412 0 2.20243715685581107E18 0.50001
10 2.5 4.5 418 0 1.48727503014941082E18 0.50001
11 2.5 4.5 427 0 6.6604542718670029E18 0.50001
0 2.5 5.5 469 0 5.4570822150116946E18 0.50001
1 2.5 5.5 424 0 7.6633780905501082E17 0.50001
2 2.5 5.5 409 0 1.37723512879849472E17 0.50001
3 2.5 5.5 430 0 5.8606208952262277E18 0.50001
4 2.5 5.5 427 0 2.10402500151278694E18 0.50001
5 2.5 5.5 439 0 3.3699451265416294E17 0.50001
6 2.5 5.5 403 0 1.06856973428045926E18 0.50001
7 2.5 5.5 418 0 8.0807641096833024E18 0.50001
8 2.5 5.5 409 0 3.6060319166400143E18 0.50001
9 2.5 5.5 442 0 2.20243715685581107E18 0.50001
10 2.5 5.5 415 0 1.48727503014941082E18 0.50001
11 2.5 5.5 430 0 6.6604542718670029E18 0.50001
0 2.5 6.5 505 0 5.4570822150116946E18 0.50001
1 2.5 6.5 451 0 7.6633780905501082E17 0.50001
2 2.5 6.5 442 0 1.37723512879849472E17 0.50001
3 2.5 6.5 466 0 5.8606208952262277E18 0.50001
4 2.5 6.5 469 0 2.10402500151278694E18 0.50001
5 2.5 6.5 493 0 3.3699451265416294E17 0.50001
6 2.5 6.5 475 0 1.06856973428045926E18 0.50001
7 2.5 6.5 463 0 8.0807641096833024E18 0.50001
8 2.5 6.5 475 0 3.6060319166400143E18 0.50001
9 2.5 6.5 451 0 2.20243715685581107E18 0.50001
10 2.5 6.5 451 0 1.48727503014941082E18 0.50001
11 2.5 6.5 424 0 6.6604542718670029E18 0.50001
0 3.0 0.5 1306 0 5.4570822150116946E18 0.50001
1 3.0 0.5 1423 0 7.6633780905501082E17 0.50001
2 3.0 0.5 1408 0 1.37723512879849472E17 0.50001
3 3.0 0.5 1306 0 5.8606208952262277E18 0.50001
4 3.0 0.5 1477 0 2.10402500151278694E18 0.50001
5 3.0 0.5 1792 0 3.3699451265416294E17 0.50001
6 3.0 0.5 1630 0 1.06856973428045926E18 0.50001
7 3.0 0.5 1516 0 8.0807641096833024E18 0.50001
8 3.0 0.5 1672 0 3.6060319166400143E18 0.50001
9 3.0 0.5 1492 0 2.20243715685581107E18 0.50001
10 3.0 0.5 1390 0 1.48727503014941082E18 0.50001
11 3.0 0.5 2000 1 6.6604542718670029E18 0.50001
0 3.0 1.5 511 0 5.4570822150116946E18 0.50001
1 3.0 1.5 463 0 7.6633780905501082E17 0.50001
2 3.0 1.5 484 0 1.37723512879849472E17 0.50001
3 3.0 1.5 505 0 5.8606208952262277E18 0.50001
4 3.0 1.5 514 0 2.10402500151278694E18 0.50001
5 3.0 1.5 490 0 3.3699451265416294E17 0.50001
6 3.0 1.5 454 0 1.06856973428045926E18 0.50001
7 3.0 1.5 466 0 8.0807641096833024E18 0.50001
8 3.0 1.5 517 0 3.6060319166400143E18 0.50001
9 3.0 1.5 490 0 2.20243715685581107E18 0.50001
10 3.0 1.5 493 0 1.48727503014941082E18 0.50001
11 3.0 1.5 478 0 6.6604542718670029E18 0.50001
0 3.0 2.5 415 0 5.4570822150116946E18 0.50001
1 3.0 2.5 388 0 7.6633780905501082E17 0.50001
2 3.0 2.5 397 0 1.37723512879849472E17 0.50001
3 3.0 2.5 397 0 5.8606208952262277E18 0.50001
4 3.0 2.5 394 0 2.10402500151278694E18 0.50001
5 3.0 2.5 394 0 3.3699451265416294E17 0.50001
6 3.0 2.5 379 0 1.06856973428045926E18 0.50001
7 3.0 2.5 385 0 8.0807641096833024E18 0.50001
8 3.0 2.5 385 0 3.6060319166400143E18 0.50001
9 3.0 2.5 400 0 2.20243715685581107E18 0.50001
10 3.0 2.5 409 0 1.48727503014941082E18 0.50001
11 3.0 2.5 403 0 6.6604542718670029E18 0.50001
0 3.0 3.5 400 0 5.4570822150116946E18 0.50001
1 3.0 3.5 376 0 7.6633780905501082E17 0.50001
2 3.0 3.5 406 0 1.37723512879849472E17 0.50001
3 3.0 3.5 403 0 5.8606208952262277E18 0.50001
4 3.0 3.5 412 0 2.10402500151278694E18 0.50001
5 3.0 3.5 415 0 3.3699451265416294E17 0.50001
6 3.0 3.5 394 0 1.06856973428045926E18 0.50001
7 3.0 3.5 376 0 8.0807641096833024E18 0.50001
8 3.0 3.5 376 0 3.6060319166400143E18 0.50001
9 3.0 3.5 391 0 2.20243715685581107E18 0.50001
10 3.0 3.5 394 0 1.48727503014941082E18 0.50001
11 3.0 3.5 418 0 6.6604542718670029E18 0.50001
0 3.0 4.5 445 0 5.4570822150116946E18 0.50001
1 3.0 4.5 421 0 7.6633780905501082E17 0.50001
2 3.0 4.5 394 0 1.37723512879849472E17 0.50001
3 3.0 4.5 403 0 5.8606208952262277E18 0.50001
4 3.0 4.5 400 0 2.10402500151278694E18 0.50001
5 3.0 4.5 415 0 3.3699451265416294E17 0.50001
6 3.0 4.5 412 0 1.06856973428045926E18 0.50001
7 3.0 4.5 400 0 8.0807641096833024E18 0.50001
8 3.0 4.5 409 0 3.6060319166400143E18 0.50001
9 3.0 4.5 412 0 2.20243715685581107E18 0.50001
10 3.0 4.5 418 0 1.48727503014941082E18 0.50001
11 3.0 4.5 400 0 6.6604542718670029E18 0.50001
0 3.0 5.5 463 0 5.4570822150116946E18 0.50001
1 3.0 5.5 415 0 7.6633780905501082E17 0.50001
2 3.0 5.5 427 0 1.37723512879849472E17 0.50001
3 3.0 5.5 442 0 5.8606208952262277E18 0.50001
4 3.0 5.5 442 0 2.10402500151278694E18 0.50001
5 3.0 5.5 430 0 3.3699451265416294E17 0.50001
6 3.0 5.5 421 0 1.06856973428045926E18 0.50001
7 3.0 5.5 424 0 8.0807641096833024E18 0.50001
8 3.0 5.5 430 0 3.6060319166400143E18 0.50001
9 3.0 5.5 430 0 2.20243715685581107E18 0.50001
10 3.0 5.5 418 0 1.48727503014941082E18 0.50001
11 3.0 5.5 424 0 6.6604542718670029E18 0.50001
0 3.0 6.5 505 0 5.4570822150116946E18 0.50001
1 3.0 6.5 430 0 7.6633780905501082E17 0.50001
2 3.0 6.5 436 0 1.37723512879849472E17 0.50001
3 3.0 6.5 466 0 5.8606208952262277E18 0.50001
4 3.0 6.5 457 0 2.10402500151278694E18 0.50001
5 3.0 6.5 466 0 3.3699451265416294E17 0.50001
6 3.0 6.5 478 0 1.06856973428045926E18 0.50001
7 3.0 6.5 451 0 8.0807641096833024E18 0.50001
8 3.0 6.5 454 0 3.6060319166400143E18 0.50001
9 3.0 6.5 460 0 2.20243715685581107E18 0.50001
10 3.0 6.5 466 0 1.48727503014941082E18 0.50001
11 3.0 6.5 463 0 6.6604542718670029E18 0.50001
0 3.5 0.5 1774 0 5.4570822150116946E18 0.50001
1 3.5 0.5 1495 0 7.6633780905501082E17 0.50001
2 3.5 0.5 1369 0 1.37723512879849472E17 0.50001
3 3.5 0.5 1570 0 5.8606208952262277E18 0.50001
4 3.5 0.5 1462 0 2.10402500151278694E18 0.50001
5 3.5 0.5 1543 0 3.3699451265416294E17 0.50001
6 3.5 0.5 1513 0 1.06856973428045926E18 0.50001
7 3.5 0.5 1669 0 8.0807641096833024E18 0.50001
8 3.5 0.5 1537 0 3.6060319166400143E18 0.50001
9 3.5 0.5 1342 0 2.20243715685581107E18 0.50001
10 3.5 0.5 1780 0 1.48727503014941082E18 0.50001
11 3.5 0.5 1504 0 6.6604542718670029E18 0.50001
0 3.5 1.5 475 0 5.4570822150116946E18 0.50001
1 3.5 1.5 490 0 7.6633780905501082E17 0.50001
2 3.5 1.5 484 0 1.37723512879849472E17 0.50001
3 3.5 1.5 487 0 5.8606208952262277E18 0.50001
4 3.5 1.5 487 0 2.10402500151278694E18 0.50001
5 3.5 1.5 511 0 3.3699451265416294E17 0.50001
6 3.5 1.5 466 0 1.06856973428045926E18 0.50001
7 3.5 1.5 457 0 8.0807641096833024E18 0.50001
8 3.5 1.5 511 0 3.6060319166400143E18 0.50001
9 3.5 1.5 472 0 2.20243715685581107E18 0.50001
10 3.5 1.5 487 0 1.48727503014941082E18 0.50001
11 3.5 1.5 484 0 6.6604542718670029E18 0.50001
0 3.5 2.5 439 0 5.4570822150116946E18 0.50001
1 3.5 2.5 382 0 7.6633780905501082E17 0.50001
2 3.5 2.5 394 0 1.37723512879849472E17 0.50001
3 3.5 2.5 424 0 5.8606208952262277E18 0.50001
4 3.5 2.5 412 0 2.10402500151278694E18 0.50001
5 3.5 2.5 394 0 3.3699451265416294E17 0.50001
6 3.5 2.5 397 0 1.06856973428045926E18 0.50001
7 3.5 2.5 391 0 8.0807641096833024E18 0.50001
8 3.5 2.5 400 0 3.6060319166400143E18 0.50001
9 3.5 2.5 409 0 2.20243715685581107E18 0.50001
10 3.5 2.5 382 0 1.48727503014941082E18 0.50001
11 3.5 2.5 409 0 6.6604542718670029E18 0.50001
0 3.5 3.5 430 0 5.4570822150116946E18 0.50001
1 3.5 3.5 394 0 7.6633780905501082E17 0.50001
2 3.5 3.5 394 0 1.37723512879849472E17 0.50001
3 3.5 3.5 403 0 5.8606208952262277E18 0.50001
4 3.5 3.5 412 0 2.10402500151278694E18 0.50001
5 3.5 3.5 394 0 3.3699451265416294E17 0.50001
6 3.5 3.5 391 0 1.06856973428045926E18 0.50001
7 3.5 3.5 397 0 8.0807641096833024E18 0.50001
8 3.5 3.5 397 0 3.6060319166400143E18 0.50001
9 3.5 3.5 415 0 2.20243715685581107E18 0.50001
10 3.5 3.5 376 0 1.48727503014941082E18 0.50001
11 3.5 3.5 415 0 6.6604542718670029E18 0.50001
0 3.5 4.5 457 0 5.4570822150116946E18 0.50001
1 3.5 4.5 391 0 7.6633780905501082E17 0.50001
2 3.5 4.5 391 0 1.37723512879849472E17 0.50001
3 3.5 4.5 418 0 5.8606208952262277E18 0.50001
4 3.5 4.5 415 0 2.10402500151278694E18 0.50001
5 3.5 4.5 427 0 3.3699451265416294E17 0.50001
6 3.5 4.5 424 0 1.06856973428045926E18 0.50001
7 3.5 4.5 391 0 8.0807641096833024E18 0.50001
8 3.5 4.5 400 0 3.6060319166400143E18 0.50001
9 3.5 4.5 406 0 2.20243715685581107E18 0.50001
10 3.5 4.5 415 0 1.48727503014941082E18 0.50001
11 3.5 4.5 433 0 6.6604542718670029E18 0.50001
0 3.5 5.5 469 0 5.4570822150116946E18 0.50001
1 3.5 5.5 433 0 7.6633780905501082E17 0.50001
2 3.5 5.5 427 0 1.37723512879849472E17 0.50001
3 3.5 5.5 439 0 5.8606208952262277E18 0.50001
4 3.5 5.5 442 0 2.10402500151278694E18 0.50001
5 3.5 5.5 442 0 3.3699451265416294E17 0.50001
6 3.5 5.5 430 0 1.06856973428045926E18 0.50001
7 3.5 5.5 421 0 8.0807641096833024E18 0.50001
8 3.5 5.5 430 0 3.6060319166400143E18 0.50001
9 3.5 5.5 445 0 2.20243715685581107E18 0.50001
10 3.5 5.5 430 0 1.48727503014941082E18 0.50001
11 3.5 5.5 421 0 6.6604542718670029E18 0.50001
0 3.5 6.5 526 0 5.4570822150116946E18 0.50001
1 3.5 6.5 460 0 7.6633780905501082E17 0.50001
2 3.5 6.5 466 0 1.37723512879849472E17 0.50001
3 3.5 6.5 466 0 5.8606208952262277E18 0.50001
4 3.5 6.5 466 0 2.10402500151278694E18 0.50001
5 3.5 6.5 484 0 3.3699451265416294E17 0.50001
6 3.5 6.5 448 0 1.06856973428045926E18 0.50001
7 3.5 6.5 454 0 8.0807641096833024E18 0.50001
8 3.5 6.5 469 0 3.6060319166400143E18 0.50001
9 3.5 6.5 478 0 2.20243715685581107E18 0.50001
10 3.5 6.5 499 0 1.48727503014941082E18 0.50001
11 3.5 6.5 451 0 6.6604542718670029E18 0.50001
0 4.0 0.5 1786 0 5.4570822150116946E18 0.50001
1 4.0 0.5 1480 0 7.6633780905501082E17 0.50001
2 4.0 0.5 2000 1 1.37723512879849472E17 0.50001
3 4.0 0.5 1609 0 5.8606208952262277E18 0.50001
4 4.0 0.5 1660 0 2.10402500151278694E18 0.50001
5 4.0 0.5 1450 0 3.3699451265416294E17 0.50001
6 4.0 0.5 1663 0 1.06856973428045926E18 0.50001
7 4.0 0.5 1513 0 8.0807641096833024E18 0.50001
8 4.0 0.5 1882 0 3.6060319166400143E18 0.50001
9 4.0 0.5 1384 0 2.20243715685581107E18 0.50001
10 4.0 0.5 1831 0 1.48727503014941082E18 0.50001
11 4.0 0.5 1561 0 6.6604542718670029E18 0.50001
0 4.0 1.5 523 0 5.4570822150116946E18 0.50001
1 4.0 1.5 490 0 7.6633780905501082E17 0.50001
2 4.0 1.5 499 0 1.37723512879849472E17 0.50001
3 4.0 1.5 463 0 5.8606208952262277E18 0.50001
4 4.0 1.5 496 0 2.10402500151278694E18 0.50001
5 4.0 1.5 463 0 3.3699451265416294E17 0.50001
6 4.0 1.5 460 0 1.06856973428045926E18 0.50001
7 4.0 1.5 502 0 8.0807641096833024E18 0.50001
8 4.0 1.5 484 0 3.6060319166400143E18 0.50001
9 4.0 1.5 463 0 2.20243715685581107E18 0.50001
10 4.0 1.5 472 0 1.48727503014941082E18 0.50001
11 4.0 1.5 484 0 6.6604542718670029E18 0.50001
0 4.0 2.5 460 0 5.4570822150116946E18 0.50001
1 4.0 2.5 397 0 7.6633780905501082E17 0.50001
2 4.0 2.5 403 0 1.37723512879849472E17 0.50001
3 4.0 2.5 400 0 5.8606208952262277E18 0.50001
4 4.0 2.5 415 0 2.10402500151278694E18 0.50001
5 4.0 2.5 391 0 3.3699451265416294E17 0.50001
6 4.0 2.5 406 0 1.06856973428045926E18 0.50001
7 4.0 2.5 385 0 8.0807641096833024E18 0.50001
8 4.0 2.5 409 0 3.6060319166400143E18 0.50001
9 4.0 2.5 400 0 2.20243715685581107E18 0.50001
10 4.0 2.5 394 0 1.48727503014941082E18 0.50001
11 4.0 2.5 403 0 6.6604542718670029E18 0.50001
0 4.0 3.5 418 0 5.4570822150116946E18 0.50001
1 4.0 3.5 406 0 7.6633780905501082E17 0.50001
2 4.0 3.5 433 0 1.37723512879849472E17 0.50001
3 4.0 3.5 403 0 5.8606208952262277E18 0.50001
4 4.0 3.5 418 0 2.10402500151278694E18 0.50001
5 4.0 3.5 406 0 3.3699451265416294E17 0.50001
6 4.0 3.5 379 0 1.06856973428045926E18 0.50001
7 4.0 3.5 382 0 8.0807641096833024E18 0.50001
8 4.0 3.5 397 0 3.6060319166400143E18 0.50001
9 4.0 3.5 415 0 2.20243715685581107E18 0.50001
10 4.0 3.5 415 0 1.48727503014941082E18 0.50001
11 4.0 3.5 388 0 6.6604542718670029E18 0.50001
0 4.0 4.5 439 0 5.4570822150116946E18 0.50001
1 4.0 4.5 406 0 7.6633780905501082E17 0.50001
2 4.0 4.5 412 0 1.37723512879849472E17 0.50001
3 4.0 4.5 412 0 5.8606208952262277E18 0.50001
4 4.0 4.5 418 0 2.10402500151278694E18 0.50001
5 4.0 4.5 430 0 3.3699451265416294E17 0.50001
6 4.0 4.5 415 0 1.06856973428045926E18 0.50001
7 4.0 4.5 424 0 8.0807641096833024E18 0.50001
8 4.0 4.5 421 0 3.6060319166400143E18 0.50001
9 4.0 4.5 412 0 2.20243715685581107E18 0.50001
10 4.0 4.5 433 0 1.48727503014941082E18 0.50001
11 4.0 4.5 424 0 6.6604542718670029E18 0.50001
0 4.0 5.5 460 0 5.4570822150116946E18 0.50001
1 4.0 5.5 430 0 7.6633780905501082E17 0.50001
2 4.0 5.5 436 0 1.37723512879849472E17 0.50001
3 4.0 5.5 436 0 5.8606208952262277E18 0.50001
4 4.0 5.5 451 0 2.10402500151278694E18 0.50001
5 4.0 5.5 472 0 3.3699451265416294E17 0.50001
6 4.0 5.5 457 0 1.06856973428045926E18 0.50001
7 4.0 5.5 445 0 8.0807641096833024E18 0.50001
8 4.0 5.5 436 0 3.6060319166400143E18 0.50001
9 4.0 5.5 442 0 2.20243715685581107E18 0.50001
10 4.0 5.5 445 0 1.48727503014941082E18 0.50001
11 4.0 5.5 430 0 6.6604542718670029E18 0.50001
0 4.0 6.5 514 0 5.4570822150116946E18 0.50001
1 4.0 6.5 460 0 7.6633780905501082E17 0.50001
2 4.0 6.5 469 0 1.37723512879849472E17 0.50001
3 4.0 6.5 481 0 5.8606208952262277E18 0.50001
4 4.0 6.5 487 0 2.10402500151278694E18 0.50001
5 4.0 6.5 481 0 3.3699451265416294E17 0.50001
6 4.0 6.5 445 0 1.06856973428045926E18 0.50001
7 4.0 6.5 442 0 8.0807641096833024E18 0.50001
8 4.0 6.5 472 0 3.6060319166400143E18 0.50001
9 4.0 6.5 460 0 2.20243715685581107E18 0.50001
10 4.0 6.5 466 0 1.48727503014941082E18 0.50001
11 4.0 6.5 463 0 6.6604542718670029E18 0.50001
0 4.5 0.5 1429 0 5.4570822150116946E18 0.50001
1 4.5 0.5 1765 0 7.6633780905501082E17 0.50001
2 4.5 0.5 1669 0 1.37723512879849472E17 0.50001
3 4.5 0.5 1717 0 5.8606208952262277E18 0.50001
4 4.5 0.5 1804 0 2.10402500151278694E18 0.50001
5 4.5 0.5 2000 1 3.3699451265416294E17 0.50001
6 4.5 0.5 1669 0 1.06856973428045926E18 0.50001
7 4.5 0.5 1543 0 8.0807641096833024E18 0.50001
8 4.5 0.5 2000 1 3.6060319166400143E18 0.50001
9 4.5 0.5 1615 0 2.20243715685581107E18 0.50001
10 4.5 0.5 1513 0 1.48727503014941082E18 0.50001
11 4.5 0.5 1948 0 6.6604542718670029E18 0.50001
0 4.5 1.5 493 0 5.4570822150116946E18 0.50001
1 4.5 1.5 469 0 7.6633780905501082E17 0.50001
2 4.5 1.5 472 0 1.37723512879849472E17 0.50001
3 4.5 1.5 490 0 5.8606208952262277E18 0.50001
4 4.5 1.5 529 0 2.10402500151278694E18 0.50001
5 4.5 1.5 472 0 3.3699451265416294E17 0.50001
6 4.5 1.5 490 0 1.06856973428045926E18 0.50001
7 4.5 1.5 460 0 8.0807641096833024E18 0.50001
8 4.5 1.5 487 0 3.6060319166400143E18 0.50001
9 4.5 1.5 493 0 2.20243715685581107E18 0.50001
10 4.5 1.5 457 0 1.48727503014941082E18 0.50001
11 4.5 1.5 472 0 6.6604542718670029E18 0.50001
0 4.5 2.5 445 0 5.4570822150116946E18 0.50001
1 4.5 2.5 397 0 7.6633780905501082E17 0.50001
2 4.5 2.5 406 0 1.37723512879849472E17 0.50001
3 4.5 2.5 406 0 5.8606208952262277E18 0.50001
4 4.5 2.5 415 0 2.10402500151278694E18 0.50001
5 4.5 2.5 403 0 3.3699451265416294E17 0.50001
6 4.5 2.5 412 0 1.06856973428045926E18 0.50001
7 4.5 2.5 391 0 8.0807641096833024E18 0.50001
8 4.5 2.5 415 0 3.6060319166400143E18 0.50001
9 4.5 2.5 412 0 2.20243715685581107E18 0.50001
10 4.5 2.5 379 0 1.48727503014941082E18 0.50001
11 4.5 2.5 415 0 6.6604542718670029E18 0.50001
0 4.5 3.5 442 0 5.4570822150116946E18 0.50001
1 4.5 3.5 397 0 7.6633780905501082E17 0.50001
2 4.5 3.5 421 0 1.37723512879849472E17 0.50001
3 4.5 3.5 406 0 5.8606208952262277E18 0.50001
4 4.5 3.5 412 0 2.10402500151278694E18 0.50001
5 4.5 3.5 385 0 3.3699451265416294E17 0.50001
6 4.5 3.5 397 0 1.06856973428045926E18 0.50001
7 4.5 3.5 406 0 8.0807641096833024E18 0.50001
8 4.5 3.5 409 0 3.6060319166400143E18 0.50001
9 4.5 3.5 430 0 2.20243715685581107E18 0.50001
10 4.5 3.5 412 0 1.48727503014941082E18 0.50001
11 4.5 3.5 409 0 6.6604542718670029E18 0.50001
0 4.5 4.5 436 0 5.4570822150116946E18 0.50001
1 4.5 4.5 424 0 7.6633780905501082E17 0.50001
2 4.5 4.5 421 0 1.37723512879849472E17 0.50001
3 4.5 4.5 439 0 5.8606208952262277E18 0.50001
4 4.5 4.5 418 0 2.10402500151278694E18 0.50001
5 4.5 4.5 436 0 3.3699451265416294E17 0.50001
6 4.5 4.5 421 0 1.06856973428045926E18 0.50001
7 4.5 4.5 409 0 8.0807641096833024E18 0.50001
8 4.5 4.5 406 0 3.6060319166400143E18 0.50001
9 4.5 4.5 436 0 2.20243715685581107E18 0.50001
10 4.5 4.5 439 0 1.48727503014941082E18 0.50001
11 4.5 4.5 412 0 6.6604542718670029E18 0.50001
0 4.5 5.5 454 0 5.4570822150116946E18 0.50001
1 4.5 5.5 427 0 7.6633780905501082E17 0.50001
2 4.5 5.5 430 0 1.37723512879849472E17 0.50001
3 4.5 5.5 442 0 5.8606208952262277E18 0.50001
4 4.5 5.5 439 0 2.10402500151278694E18 0.50001
5 4.5 5.5 436 0 3.3699451265416294E17 0.50001
6 4.5 5.5 430 0 1.06856973428045926E18 0.50001
7 4.5 5.5 439 0 8.0807641096833024E18 0.50001
8 4.5 5.5 433 0 3.6060319166400143E18 0.50001
9 4.5 5.5 430 0 2.20243715685581107E18 0.50001
10 4.5 5.5 466 0 1.48727503014941082E18 0.50001
11 4.5 5.5 484 0 6.6604542718670029E18 0.50001
0 4.5 6.5 517 0 5.4570822150116946E18 0.50001
1 4.5 6.5 469 0 7.6633780905501082E17 0.50001
2 4.5 6.5 436 0 1.37723512879849472E17 0.50001
3 4.5 6.5 463 0 5.8606208952262277E18 0.50001
4 4.5 6.5 514 0 2.10402500151278694E18 0.50001
5 4.5 6.5 478 0 3.3699451265416294E17 0.50001
6 4.5 6.5 454 0 1.06856973428045926E18 0.50001
7 4.5 6.5 484 0 8.0807641096833024E18 0.50001
8 4.5 6.5 475 0 3.6060319166400143E18 0.50001
9 4.5 6.5 475 0 2.20243715685581107E18 0.50001
10 4.5 6.5 460 0 1.48727503014941082E18 0.50001
11 4.5 6.5 478 0 6.6604542718670029E18 0.50001
0 5.0 0.5 1777 0 5.4570822150116946E18 0.50001
1 5.0 0.5 1753 0 7.6633780905501082E17 0.50001
2 5.0 0.5 1675 0 1.37723512879849472E17 0.50001
3 5.0 0.5 1879 0 5.8606208952262277E18 0.50001
4 5.0 0.5 1633 0 2.10402500151278694E18 0.50001
5 5.0 0.5 2000 1 3.3699451265416294E17 0.50001
6 5.0 0.5 1951 0 1.06856973428045926E18 0.50001
7 5.0 0.5 1684 0 8.0807641096833024E18 0.50001
8 5.0 0.5 1468 0 3.6060319166400143E18 0.50001
9 5.0 0.5 2000 1 2.20243715685581107E18 0.50001
10 5.0 0.5 1621 0 1.48727503014941082E18 0.50001
11 5.0 0.5 1699 0 6.6604542718670029E18 0.50001
0 5.0 1.5 499 0 5.4570822150116946E18 0.50001
1 5.0 1.5 481 0 7.6633780905501082E17 0.50001
2 5.0 1.5 502 0 1.37723512879849472E17 0.50001
3 5.0 1.5 496 0 5.8606208952262277E18 0.50001
4 5.0 1.5 484 0 2.10402500151278694E18 0.50001
5 5.0 1.5 463 0 3.3699451265416294E17 0.50001
6 5.0 1.5 475 0 1.06856973428045926E18 0.50001
7 5.0 1.5 466 0 8.0807641096833024E18 0.50001
8 5.0 1.5 499 0 3.6060319166400143E18 0.50001
9 5.0 1.5 466 0 2.20243715685581107E18 0.50001
10 5.0 1.5 517 0 1.48727503014941082E18 0.50001
11 5.0 1.5 472 0 6.6604542718670029E18 0.50001
0 5.0 2.5 412 0 5.4570822150116946E18 0.50001
1 5.0 2.5 391 0 7.6633780905501082E17 0.50001
2 5.0 2.5 403 0 1.37723512879849472E17 0.50001
3 5.0 2.5 415 0 5.8606208952262277E18 0.50001
4 5.0 2.5 442 0 2.10402500151278694E18 0.50001
5 5.0 2.5 397 0 3.3699451265416294E17 0.50001
6 5.0 2.5 421 0 1.06856973428045926E18 0.50001
7 5.0 2.5 412 0 8.0807641096833024E18 0.50001
8 5.0 2.5 415 0 3.6060319166400143E18 0.50001
9 5.0 2.5 415 0 2.20243715685581107E18 0.50001
10 5.0 2.5 415 0 1.48727503014941082E18 0.50001
11 5.0 2.5 412 0 6.6604542718670029E18 0.50001
0 5.0 3.5 436 0 5.4570822150116946E18 0.50001
1 5.0 3.5 391 0 7.6633780905501082E17 0.50001
2 5.0 3.5 418 0 1.37723512879849472E17 0.50001
3 5.0 3.5 403 0 5.8606208952262277E18 0.50001
4 5.0 3.5 421 0 2.10402500151278694E18 0.50001
5 5.0 3.5 400 0 3.3699451265416294E17 0.50001
6 5.0 3.5 415 0 1.06856973428045926E18 0.50001
7 5.0 3.5 403 0 8.0807641096833024E18 0.50001
8 5.0 3.5 400 0 3.6060319166400143E18 0.50001
9 5.0 3.5 424 0 2.20243715685581107E18 0.50001
10 5.0 3.5 418 0 1.48727503014941082E18 0.50001
11 5.0 3.5 427 0 6.6604542718670029E18 0.50001
0 5.0 4.5 460 0 5.4570822150116946E18 0.50001
1 5.0 4.5 409 0 7.6633780905501082E17 0.50001
2 5.0 4.5 427 0 1.37723512879849472E17 0.50001
3 5.0 4.5 409 0 5.8606208952262277E18 0.50001
4 5.0 4.5 427 0 2.10402500151278694E18 0.50001
5 5.0 4.5 424 0 3.3699451265416294E17 0.50001
6 5.0 4.5 412 0 1.06856973428045926E18 0.50001
7 5.0 4.5 418 0 8.0807641096833024E18 0.50001
8 5.0 4.5 424 0 3.6060319166400143E18 0.50001
9 5.0 4.5 421 0 2.20243715685581107E18 0.50001
10 5.0 4.5 445 0 1.48727503014941082E18 0.50001
11 5.0 4.5 427 0 6.6604542718670029E18 0.50001
0 5.0 5.5 493 0 5.4570822150116946E18 0.50001
1 5.0 5.5 445 0 7.6633780905501082E17 0.50001
2 5.0 5.5 445 0 1.37723512879849472E17 0.50001
3 5.0 5.5 469 0 5.8606208952262277E18 0.50001
4 5.0 5.5 460 0 2.10402500151278694E18 0.50001
5 5.0 5.5 478 0 3.3699451265416294E17 0.50001
6 5.0 5.5 448 0 1.06856973428045926E18 0.50001
7 5.0 5.5 439 0 8.0807641096833024E18 0.50001
8 5.0 5.5 442 0 3.6060319166400143E18 0.50001
9 5.0 5.5 436 0 2.20243715685581107E18 0.50001
10 5.0 5.5 463 0 1.48727503014941082E18 0.50001
11 5.0 5.5 445 0 6.6604542718670029E18 0.50001
0 5.0 6.5 511 0 5.4570822150116946E18 0.50001
1 5.0 6.5 481 0 7.6633780905501082E17 0.50001
2 5.0 6.5 472 0 1.37723512879849472E17 0.50001
3 5.0 6.5 499 0 5.8606208952262277E18 0.50001
4 5.0 6.5 484 0 2.10402500151278694E18 0.50001
5 5.0 6.5 481 0 3.3699451265416294E17 0.50001
6 5.0 6.5 478 0 1.06856973428045926E18 0.50001
7 5.0 6.5 457 0 8.0807641096833024E18 0.50001
8 5.0 6.5 457 0 3.6060319166400143E18 0.50001
9 5.0 6.5 478 0 2.20243715685581107E18 0.50001
10 5.0 6.5 481 0 1.48727503014941082E18 0.50001
11 5.0 6.5 460 0 6.6604542718670029E18 0.50001
0 5.5 0.5 2000 1 5.4570822150116946E18 0.50001
1 5.5 0.5 1642 0 7.6633780905501082E17 0.50001
2 5.5 0.5 1573 0 1.37723512879849472E17 0.50001
3 5.5 0.5 1705 0 5.8606208952262277E18 0.50001
4 5.5 0.5 2000 1 2.10402500151278694E18 0.50001
5 5.5 0.5 1678 0 3.3699451265416294E17 0.50001
6 5.5 0.5 2000 1 1.06856973428045926E18 0.50001
7 5.5 0.5 1879 0 8.0807641096833024E18 0.50001
8 5.5 0.5 2000 2 3.6060319166400143E18 0.50001
9 5.5 0.5 1690 0 2.20243715685581107E18 0.50001
10 5.5 0.5 2000 1 1.48727503014941082E18 0.50001
11 5.5 0.5 2000 1 6.6604542718670029E18 0.50001
0 5.5 1.5 526 0 5.4570822150116946E18 0.50001
1 5.5 1.5 541 0 7.6633780905501082E17 0.50001
2 5.5 1.5 469 0 1.37723512879849472E17 0.50001
3 5.5 1.5 577 0 5.8606208952262277E18 0.50001
4 5.5 1.5 511 0 2.10402500151278694E18 0.50001
5 5.5 1.5 487 0 3.3699451265416294E17 0.50001
6 5.5 1.5 493 0 1.06856973428045926E18 0.50001
7 5.5 1.5 481 0 8.0807641096833024E18 0.50001
8 5.5 1.5 493 0 3.6060319166400143E18 0.50001
9 5.5 1.5 526 0 2.20243715685581107E18 0.50001
10 5.5 1.5 565 0 1.48727503014941082E18 0.50001
11 5.5 1.5 511 0 6.6604542718670029E18 0.50001
0 5.5 2.5 430 0 5.4570822150116946E18 0.50001
1 5.5 2.5 412 0 7.6633780905501082E17 0.50001
2 5.5 2.5 418 0 1.37723512879849472E17 0.50001
3 5.5 2.5 430 0 5.8606208952262277E18 0.50001
4 5.5 2.5 415 0 2.10402500151278694E18 0.50001
5 5.5 2.5 394 0 3.3699451265416294E17 0.50001
6 5.5 2.5 409 0 1.06856973428045926E18 0.50001
7 5.5 2.5 430 0 8.0807641096833024E18 0.50001
8 5.5 2.5 403 0 3.6060319166400143E18 0.50001
9 5.5 2.5 409 0 2.20243715685581107E18 0.50001
10 5.5 2.5 403 0 1.48727503014941082E18 0.50001
11 5.5 2.5 421 0 6.6604542718670029E18 0.50001
0 5.5 3.5 415 0 5.4570822150116946E18 0.50001
1 5.5 3.5 388 0 7.6633780905501082E17 0.50001
2 5.5 3.5 412 0 1.37723512879849472E17 0.50001
3 5.5 3.5 409 0 5.8606208952262277E18 0.50001
4 5.5 3.5 460 0 2.10402500151278694E18 0.50001
5 5.5 3.5 445 0 3.3699451265416294E17 0.50001
6 5.5 3.5 421 0 1.06856973428045926E18 0.50001
7 5.5 3.5 397 0 8.0807641096833024E18 0.50001
8 5.5 3.5 418 0 3.6060319166400143E18 0.50001
9 5.5 3.5 412 0 2.20243715685581107E18 0.50001
10 5.5 3.5 424 0 1.48727503014941082E18 0.50001
11 5.5 3.5 415 0 6.6604542718670029E18 0.50001
0 5.5 4.5 439 0 5.4570822150116946E18 0.50001
1 5.5 4.5 448 0 7.6633780905501082E17 0.50001
2 5.5 4.5 433 0 1.37723512879849472E17 0.50001
3 5.5 4.5 436 0 5.8606208952262277E18 0.50001
4 5.5 4.5 445 0 2.10402500151278694E18 0.50001
5 5.5 4.5 436 0 3.3699451265416294E17 0.50001
6 5.5 4.5 409 0 1.06856973428045926E18 0.50001
7 5.5 4.5 430 0 8.0807641096833024E18 0.50001
8 5.5 4.5 445 0 3.6060319166400143E18 0.50001
9 5.5 4.5 439 0 2.20243715685581107E18 0.50001
10 5.5 4.5 448 0 1.48727503014941082E18 0.50001
11 5.5 4.5 406 0 6.6604542718670029E18 0.50001
0 5.5 5.5 475 0 5.4570822150116946E18 0.50001
1 5.5 5.5 445 0 7.6633780905501082E17 0.50001
2 5.5 5.5 460 0 1.37723512879849472E17 0.50001
3 5.5 5.5 466 0 5.8606208952262277E18 0.50001
4 5.5 5.5 481 0 2.10402500151278694E18 0.50001
5 5.5 5.5 454 0 3.3699451265416294E17 0.50001
6 5.5 5.5 451 0 1.06856973428045926E18 0.50001
7 5.5 5.5 445 0 8.0807641096833024E18 0.50001
8 5.5 5.5 460 0 3.6060319166400143E18 0.50001
9 5.5 5.5 457 0 2.20243715685581107E18 0.50001
10 5.5 5.5 469 0 1.48727503014941082E18 0.50001
11 5.5 5.5 463 0 6.6604542718670029E18 0.50001
0 5.5 6.5 505 0 5.4570822150116946E18 0.50001
1 5.5 6.5 478 0 7.6633780905501082E17 0.50001
2 5.5 6.5 472 0 1.37723512879849472E17 0.50001
3 5.5 6.5 505 0 5.8606208952262277E18 0.50001
4 5.5 6.5 493 0 2.10402500151278694E18 0.50001
5 5.5 6.5 472 0 3.3699451265416294E17 0.50001
6 5.5 6.5 472 0 1.06856973428045926E18 0.50001
7 5.5 6.5 454 0 8.0807641096833024E18 0.50001
8 5.5 6.5 475 0 3.6060319166400143E18 0.50001
9 5.5 6.5 478 0 2.20243715685581107E18 0.50001
10 5.5 6.5 472 0 1.48727503014941082E18 0.50001
11 5.5 6.5 484 0 6.6604542718670029E18 0.50001
0 6.0 0.5 2000 2 5.4570822150116946E18 0.50001
1 6.0 0.5 2000 3 7.6633780905501082E17 0.50001
2 6.0 0.5 2000 4 1.37723512879849472E17 0.50001
3 6.0 0.5 1702 0 5.8606208952262277E18 0.50001
4 6.0 0.5 2000 1 2.10402500151278694E18 0.50001
5 6.0 0.5 2000 1 3.3699451265416294E17 0.50001
6 6.0 0.5 1924 0 1.06856973428045926E18 0.50001
7 6.0 0.5 2000 1 8.0807641096833024E18 0.50001
8 6.0 0.5 1951 0 3.6060319166400143E18 0.50001
9 6.0 0.5 2000 1 2.20243715685581107E18 0.50001
10 6.0 0.5 1996 0 1.48727503014941082E18 0.50001
11 6.0 0.5 1825 0 6.6604542718670029E18 0.50001
0 6.0 1.5 547 0 5.4570822150116946E18 0.50001
1 6.0 1.5 505 0 7.6633780905501082E17 0.50001
2 6.0 1.5 487 0 1.37723512879849472E17 0.50001
3 6.0 1.5 535 0 5.8606208952262277E18 0.50001
4 6.0 1.5 511 0 2.10402500151278694E18 0.50001
5 6.0 1.5 505 0 3.3699451265416294E17 0.50001
6 6.0 1.5 547 0 1.06856973428045926E18 0.50001
7 6.0 1.5 514 0 8.0807641096833024E18 0.50001
8 6.0 1.5 493 0 3.6060319166400143E18 0.50001
9 6.0 1.5 592 0 2.20243715685581107E18 0.50001
10 6.0 1.5 520 0 1.48727503014941082E18 0.50001
11 6.0 1.5 475 0 6.6604542718670029E18 0.50001
0 6.0 2.5 442 0 5.4570822150116946E18 0.50001
1 6.0 2.5 421 0 7.6633780905501082E17 0.50001
2 6.0 2.5 415 0 1.37723512879849472E17 0.50001
3 6.0 2.5 436 0 5.8606208952262277E18 0.50001
4 6.0 2.5 421 0 2.10402500151278694E18 0.50001
5 6.0 2.5 418 0 3.3699451265416294E17 0.50001
6 6.0 2.5 415 0 1.06856973428045926E18 0.50001
7 6.0 2.5 424 0 8.0807641096833024E18 0.50001
8 6.0 2.5 415 0 3.6060319166400143E18 0.50001
9 6.0 2.5 418 0 2.20243715685581107E18 0.50001
10 6.0 2.5 406 0 1.48727503014941082E18 0.50001
11 6.0 2.5 418 0 6.6604542718670029E18 0.50001
0 6.0 3.5 475 0 5.4570822150116946E18 0.50001
1 6.0 3.5 415 0 7.6633780905501082E17 0.50001
2 6.0 3.5 439 0 1.37723512879849472E17 0.50001
3 6.0 3.5 421 0 5.8606208952262277E18 0.50001
4 6.0 3.5 433 0 2.10402500151278694E18 0.50001
5 6.0 3.5 427 0 3.3699451265416294E17 0.50001
6 6.0 3.5 421 0 1.06856973428045926E18 0.50001
7 6.0 3.5 409 0 8.0807641096833024E18 0.50001
8 6.0 3.5 406 0 3.6060319166400143E18 0.50001
9 6.0 3.5 448 0 2.20243715685581107E18 0.50001
10 6.0 3.5 439 0 1.48727503014941082E18 0.50001
11 6.0 3.5 436 0 6.6604542718670029E18 0.50001
0 6.0 4.5 478 0 5.4570822150116946E18 0.50001
1 6.0 4.5 421 0 7.6633780905501082E17 0.50001
2 6.0 4.5 442 0 1.37723512879849472E17 0.50001
3 6.0 4.5 442 0 5.8606208952262277E18 0.50001
4 6.0 4.5 463 0 2.10402500151278694E18 0.50001
5 6.0 4.5 442 0 3.3699451265416294E17 0.50001
6 6.0 4.5 442 0 1.06856973428045926E18 0.50001
7 6.0 4.5 439 0 8.0807641096833024E18 0.50001
8 6.0 4.5 439 0 3.6060319166400143E18 0.50001
9 6.0 4.5 466 0 2.20243715685581107E18 0.50001
10 6.0 4.5 436 0 1.48727503014941082E18 0.50001
11 6.0 4.5 442 0 6.6604542718670029E18 0.50001
0 6.0 5.5 499 0 5.4570822150116946E18 0.50001
1 6.0 5.5 430 0 7.6633780905501082E17 0.50001
2 6.0 5.5 448 0 1.37723512879849472E17 0.50001
3 6.0 5.5 469 0 5.8606208952262277E18 0.50001
4 6.0 5.5 478 0 2.10402500151278694E18 0.50001
5 6.0 5.5 454 0 3.3699451265416294E17 0.50001
6 6.0 5.5 457 0 1.06856973428045926E18 0.50001
7 6.0 5.5 439 0 8.0807641096833024E18 0.50001
8 6.0 5.5 460 0 3.6060319166400143E18 0.50001
9 6.0 5.5 466 0 2.20243715685581107E18 0.50001
10 6.0 5.5 490 0 1.48727503014941082E18 0.50001
11 6.0 5.5 487 0 6.6604542718670029E18 0.50001
0 6.0 6.5 508 0 5.4570822150116946E18 0.50001
1 6.0 6.5 457 0 7.6633780905501082E17 0.50001
2 6.0 6.5 469 0 1.37723512879849472E17 0.50001
3 6.0 6.5 493 0 5.8606208952262277E18 0.50001
4 6.0 6.5 502 0 2.10402500151278694E18 0.50001
5 6.0 6.5 472 0 3.3699451265416294E17 0.50001
6 6.0 6.5 469 0 1.06856973428045926E18 0.50001
7 6.0 6.5 478 0 8.0807641096833024E18 0.50001
8 6.0 6.5 472 0 3.6060319166400143E18 0.50001
9 6.0 6.5 478 0 2.20243715685581107E18 0.50001
10 6.0 6.5 493 0 1.48727503014941082E18 0.50001
11 6.0 6.5 472 0 6.6604542718670029E18 0.50001
